>QLSTTN	Aef1		F1	aef1_SOLEXA_5.pfm	strand=1	position in motif=12
0.745455	0.314141	0.414279	0.345249
0.215152	0.502020	0.176125	0.388757
0.029293	0.064983	0.227640	0.105592
0.010101	0.118855	0.181956	0.160401
>QSSTTN	Aef1		F2	aef1_SOLEXA_5.pfm	strand=1	position in motif=9
0.869360	0.027273	0.890909	0.745455
0.127273	0.948822	0.063636	0.215152
0.003367	0.000673	0.008081	0.029293
0.000000	0.023232	0.037374	0.010101
>QLSTAN	Aef1		F3	aef1_SOLEXA_5.pfm	strand=1	position in motif=6
0.811448	0.052862	0.857576	0.869360
0.148148	0.926936	0.084175	0.127273
0.040404	0.006734	0.004040	0.003367
0.000000	0.013468	0.054209	0.000000
>QSSTNN	Aef1		F4	aef1_SOLEXA_5.pfm	strand=1	position in motif=3
0.584175	0.035354	0.929966	0.811448
0.274411	0.935690	0.026936	0.148148
0.139731	0.006734	0.000000	0.040404
0.001684	0.022222	0.043098	0.000000
>QLSNKV	Blimp-1		F1	Blimp-1_SOLEXA_5.pfm	strand=1	position in motif=12
0.960350	0.972194	0.138002	0.040165
0.003605	0.006179	0.038620	0.265191
0.028836	0.002060	0.776519	0.074665
0.007209	0.019567	0.046859	0.619979
>QLAHQK	Blimp-1		F2	Blimp-1_SOLEXA_5.pfm	strand=1	position in motif=9
0.033471	0.033986	0.995366	0.960350
0.165808	0.000000	0.000000	0.003605
0.071576	0.963955	0.003090	0.028836
0.729145	0.002060	0.001545	0.007209
>STSNKT	Blimp-1		F3	Blimp-1_SOLEXA_5.pfm	strand=1	position in motif=6
0.781153	0.915551	0.018023	0.033471
0.063852	0.000515	0.009784	0.165808
0.085994	0.069001	0.960865	0.071576
0.069001	0.014933	0.011329	0.729145
>QFVHKL	Blimp-1		F4	Blimp-1_SOLEXA_5.pfm	strand=1	position in motif=3
0.284243	0.382595	0.680227	0.781153
0.289907	0.043254	0.153450	0.063852
0.126159	0.519567	0.095778	0.085994
0.299691	0.054583	0.070546	0.069001
>KSYNLI	bowl		F1	bowl_SOLEXA_5.pfm	strand=1	position in motif=9
0.216792	0.958229	0.000000	0.000000
0.005430	0.023392	0.003759	0.908939
0.043860	0.018379	0.996241	0.020050
0.733918	0.000000	0.000000	0.071011
>RQDHRD	bowl		F2	bowl_SOLEXA_5.pfm	strand=1	position in motif=6
0.028822	0.526316	0.000000	0.216792
0.951546	0.027569	0.000000	0.005430
0.000000	0.446115	1.000000	0.043860
0.019632	0.000000	0.000000	0.733918
>QSRTAV	bowl		F3	bowl_SOLEXA_5.pfm	strand=1	position in motif=3
0.390142	0.396408	0.460735	0.028822
0.228488	0.307435	0.437343	0.951546
0.217210	0.086466	0.055556	0.000000
0.164160	0.209691	0.046366	0.019632
>KASHKT	btd		F1	btd_NAR.pfm	strand=1	position in motif=9
0	0.517	0.25	0.25
0	0.034	0.25	0.25
0.69	0.31	0.25	0.25
0.31	0.138	0.25	0.25
>RSDEQR	btd		F2	btd_NAR.pfm	strand=1	position in motif=6
0	0.069	0	0
0	0.931	0	0
1	0	1	0.69
0	0	0	0.31
>RSDHSK	btd		F3	btd_NAR.pfm	strand=1	position in motif=3
0.138	0.069	0	0
0	0	0	0
0.621	0.931	1	1
0.241	0	0	0
>KPAHKA	bteb2		F1	Bteb2_SOLEXA_2.5.pfm	strand=-1	position in motif=11
0.000000	0.443077	0.255385	0.254286
0.000000	0.083077	0.172308	0.368791
0.338462	0.273846	0.175385	0.165714
0.661538	0.200000	0.396923	0.211209
>RSDEAR	bteb2		F2	Bteb2_SOLEXA_2.5.pfm	strand=-1	position in motif=8
0.009231	0.024615	0.006154	0.000000
0.000000	0.920000	0.000000	0.000000
0.978462	0.000000	0.975385	0.338462
0.012308	0.055385	0.018462	0.661538
>RSDHTK	bteb2		F3	Bteb2_SOLEXA_2.5.pfm	strand=-1	position in motif=5
0.009231	0.015385	0.003077	0.009231
0.000000	0.000000	0.000000	0.000000
0.766154	0.956923	0.938462	0.978462
0.224615	0.027692	0.058462	0.012308
>QSNTKQ	Cf2	PA	F2	Cf2-PA_SOLEXA_2.5.pfm	strand=-1	position in motif=9
0.694316	0.149002	0.25	0.25
0.000000	0.222734	0.25	0.25
0.305684	0.135177	0.25	0.25
0.000000	0.493088	0.25	0.25
>VKDYTK	Cf2	PA	F3	Cf2-PA_SOLEXA_2.5.pfm	strand=-1	position in motif=6
0.000000	0.817204	0.090630	0.694316
0.009217	0.102919	0.112135	0.000000
0.110599	0.079877	0.261137	0.305684
0.880184	0.000000	0.536098	0.000000
>VKDYTK	Cf2	PA	F4	Cf2-PA_SOLEXA_2.5.pfm	strand=-1	position in motif=3
0.000000	1.000000	0.228879	0.000000
0.000000	0.000000	0.563748	0.009217
0.000000	0.000000	0.082949	0.110599
1.000000	0.000000	0.124424	0.880184
>QRSATV	Cf2	PA	F5	Cf2-PA_SOLEXA_2.5.pfm	strand=-1	position in motif=0
0.25	0.186977	1.000000	0.000000
0.25	0.038829	0.000000	0.000000
0.25	0.160181	0.000000	0.000000
0.25	0.614013	0.000000	1.000000
>TPGTAM	Cf2	PB	F1	Cf2-PB_SOLEXA_5.pfm	strand=1	position in motif=10
0.267076	0.320088	0.25	0.25
0.395910	0.286761	0.25	0.25
0.142916	0.247090	0.25	0.25
0.194097	0.146061	0.25	0.25
>QSNTKQ	Cf2	PB	F2	Cf2-PB_SOLEXA_5.pfm	strand=1	position in motif=7
0.269461	0.009356	0.748129	0.267076
0.091317	0.291916	0.030314	0.395910
0.639222	0.038922	0.164296	0.142916
0.000000	0.659805	0.057260	0.194097
>VKDYTK	Cf2	PB	F3	Cf2-PB_SOLEXA_5.pfm	strand=1	position in motif=4
0.000000	1.000000	0.056512	0.269461
0.000000	0.000000	0.197605	0.091317
0.035180	0.000000	0.128368	0.639222
0.964820	0.000000	0.617515	0.000000
>QRSATV	Cf2	PB	F4	Cf2-PB_SOLEXA_5.pfm	strand=1	position in motif=1
0.454973	0.106429	0.988398	0.000000
0.320477	0.020629	0.011602	0.000000
0.155432	0.107455	0.000000	0.035180
0.069119	0.765486	0.000000	0.964820
>KRGRME	CG10267		F1	CG10267-F1-3_SOLEXA_5.pfm	strand=1	position in motif=13
0.643101	0.271380	0.237172	0.25
0.041049	0.101482	0.036488	0.25
0.066135	0.204105	0.023945	0.25
0.249715	0.423033	0.702395	0.25
>VREQRK	CG10267		F2	CG10267-F1-3_SOLEXA_5.pfm	strand=1	position in motif=10
0.000000	0.729761	0.132269	0.643101
0.000000	0.063854	0.843786	0.041049
0.000000	0.205245	0.023945	0.066135
1.000000	0.001140	0.000000	0.249715
>YESVKS	CG10267		F3	CG10267_SOLEXA_5.pfm	strand=1	position in motif=13
0.371747	0.182156	0.260223	0.401487
0.007435	0.014870	0.115242	0.104089
0.583643	0.249071	0.040892	0.152416
0.037175	0.553903	0.583643	0.342007
>YAHSTK	CG10267		F4	CG10267_SOLEXA_5.pfm	strand=1	position in motif=10
0.055762	0.063197	0.014870	0.371747
0.026022	0.000000	0.003717	0.007435
0.788104	0.107807	0.000000	0.583643
0.130112	0.828996	0.981413	0.037175
>LLHHRQ	CG10267		F5	CG10267_SOLEXA_5.pfm	strand=1	position in motif=7
0.981413	0.000000	0.007435	0.055762
0.000000	0.000000	0.003717	0.026022
0.003717	0.903346	0.163569	0.788104
0.014870	0.096654	0.825279	0.130112
>SKENKL	CG11071		F1	CG11071_SOLEXA_5.pfm	strand=-1	position in motif=13
0.017997	0.295715	0.171707	0.25
0.216299	0.139769	0.195016	0.25
0.379287	0.326865	0.379057	0.25
0.386418	0.237651	0.254220	0.25
>GKSDTR	CG11071		F2	CG11071_SOLEXA_5.pfm	strand=-1	position in motif=10
0.006452	0.005093	0.087606	0.017997
0.002037	0.974194	0.220034	0.216299
0.981324	0.012903	0.216978	0.379287
0.010187	0.007810	0.475382	0.386418
>RADYSK	CG11071		F3	CG11071_SOLEXA_5.pfm	strand=-1	position in motif=7
0.004075	0.922920	0.003396	0.006452
0.005093	0.012903	0.006452	0.002037
0.091681	0.055688	0.980306	0.981324
0.899151	0.008489	0.009847	0.010187
>KSSHKA	CG12029		F1	CG12029_SOLEXA_5.pfm	strand=1	position in motif=9
0.010223	0.011152	0.008364	0.016729
0.040892	0.000000	0.019517	0.712825
0.101301	0.977695	0.846654	0.000000
0.847584	0.011152	0.125465	0.270446
>RSDETR	CG12029		F2	CG12029_SOLEXA_5.pfm	strand=1	position in motif=6
0.009294	0.090149	0.008364	0.010223
0.000000	0.220260	0.000000	0.040892
0.986989	0.000000	0.983271	0.101301
0.003717	0.689591	0.008364	0.847584
>RSDHAL	CG12029		F3	CG12029_SOLEXA_5.pfm	strand=1	position in motif=3
0.240706	0.055762	0.008364	0.009294
0.017658	0.001859	0.002788	0.000000
0.188662	0.910781	0.958178	0.986989
0.552974	0.031599	0.030669	0.003717
>SVNARR	CG12236	PA	F1	CG12236_SOLEXA_5.pfm	strand=-1	position in motif=9
0.008157	0.993475	0.967374	0.009788
0.000000	0.000000	0.003263	0.885808
0.980424	0.000000	0.000000	0.011419
0.011419	0.006525	0.029364	0.092985
>TKWSST	CG12236	PA	F2	CG12236_SOLEXA_5.pfm	strand=-1	position in motif=6
0.412724	0.804241	0.000000	0.008157
0.001631	0.003263	0.001631	0.000000
0.574225	0.182708	0.001631	0.980424
0.011419	0.009788	0.996737	0.011419
>TTVNWR	CG12236	PB	F1	CG12236-PB_SOLEXA_2.5.pfm	strand=-1	position in motif=6
0.000000	1.000000	0.974492	0.230987
0.000000	0.000000	0.011337	0.111006
1.000000	0.000000	0.000000	0.504487
0.000000	0.000000	0.014171	0.153519
>NKYSRE	CG12236	PB	F2	CG12236-PB_SOLEXA_2.5.pfm	strand=-1	position in motif=3
0.114785	0.000000	0.000000	0.000000
0.523855	0.000000	0.000000	0.000000
0.049126	0.063769	1.000000	1.000000
0.312234	0.936231	0.000000	0.000000
>SMPAAM	CG12605		F2	CG12605_SOLEXA_5.pfm	strand=-1	position in motif=8
0.018109	0.152918	0.140845	0.317907
0.006036	0.014085	0.042254	0.418511
0.002012	0.183099	0.772636	0.140845
0.973843	0.649899	0.044266	0.122736
>RPWLQG	CG12605		F3	CG12605_SOLEXA_5.pfm	strand=-1	position in motif=5
0.014085	0.030181	0.002012	0.018109
0.905433	0.002012	0.000000	0.006036
0.002012	0.004024	0.983903	0.002012
0.078471	0.963783	0.014085	0.973843
>DRSNRA	CG12605		F4	CG12605_SOLEXA_5.pfm	strand=-1	position in motif=2
0.141275	0.959759	0.008048	0.014085
0.713856	0.002012	0.991952	0.905433
0.053896	0.010060	0.000000	0.002012
0.090973	0.028169	0.000000	0.078471
>LKSYNK	CG12605		F5	CG12605_SOLEXA_5.pfm	strand=-1	position in motif=-1
0.25	0.25	0.247879	0.141275
0.25	0.25	0.500612	0.713856
0.25	0.25	0.146487	0.053896
0.25	0.25	0.105022	0.090973
>SMPASM	CG17181		F2	CG17181_SOLEXA_5.pfm	strand=-1	position in motif=10
0.045814	0.164297	0.345972	0.390205
0.225908	0.187994	0.183254	0.285940
0.014218	0.118483	0.369668	0.199052
0.714060	0.529226	0.101106	0.124803
>RPWLQG	CG17181		F3	CG17181_SOLEXA_5.pfm	strand=-1	position in motif=7
0.000000	0.009479	0.000000	0.045814
0.958926	0.000000	0.000000	0.225908
0.009479	0.011058	0.963665	0.014218
0.031596	0.979463	0.036335	0.714060
>DKSNRA	CG17181		F4	CG17181_SOLEXA_5.pfm	strand=-1	position in motif=4
0.058452	0.943128	0.004739	0.000000
0.892575	0.004739	0.985782	0.958926
0.018957	0.003160	0.000000	0.009479
0.030016	0.048973	0.009479	0.031596
>LKSYYK	CG17181		F5	CG17181_SOLEXA_5.pfm	strand=-1	position in motif=1
0.395409	0.493686	0.151659	0.058452
0.177261	0.247230	0.774092	0.892575
0.232553	0.196677	0.042654	0.018957
0.194777	0.062407	0.031596	0.030016
>SNHQVQ	CG2052		F1	CG2052_SOLEXA_2.5.pfm	strand=-1	position in motif=12
0.986755	0.449227	0.129148	0.291381
0.009934	0.072848	0.372508	0.362592
0.003311	0.033113	0.341602	0.161709
0.000000	0.444812	0.156742	0.184317
>QLSHQQ	CG2052		F2	CG2052_SOLEXA_2.5.pfm	strand=-1	position in motif=9
1.000000	0.991170	1.000000	0.986755
0.000000	0.000000	0.000000	0.009934
0.000000	0.008830	0.000000	0.003311
0.000000	0.000000	0.000000	0.000000
>QLSNQQ	CG2052		F3	CG2052_SOLEXA_2.5.pfm	strand=-1	position in motif=6
0.493377	0.960265	0.995585	1.000000
0.059603	0.000000	0.000000	0.000000
0.317881	0.009934	0.000000	0.000000
0.129139	0.029801	0.004415	0.000000
>TESSRT	CG2052		F4	CG2052_SOLEXA_2.5.pfm	strand=-1	position in motif=3
0.322296	0.315673	0.421634	0.493377
0.264901	0.278146	0.210817	0.059603
0.209713	0.203091	0.150110	0.317881
0.203091	0.203091	0.217439	0.129139
>KSSHRS	CG3065		F1	CG3065_F1-5_SOLEXA_2.5.pfm	strand=1	position in motif=9
0.005307	0.021986	0.061410	0.056103
0.020470	0.000000	0.047005	0.580743
0.150872	0.959060	0.774829	0.029568
0.823351	0.018954	0.116755	0.333586
>RSDENR	CG3065		F2	CG3065_F1-5_SOLEXA_2.5.pfm	strand=1	position in motif=6
0.002274	0.038666	0.007582	0.005307
0.000000	0.913571	0.000000	0.020470
0.957544	0.006823	0.978014	0.150872
0.040182	0.040940	0.014405	0.823351
>RSDHTK	CG3065		F3	CG3065_F1-5_SOLEXA_2.5.pfm	strand=1	position in motif=3
0.072782	0.128127	0.008340	0.002274
0.015163	0.000758	0.000000	0.000000
0.462472	0.852919	0.967400	0.957544
0.449583	0.018196	0.024261	0.040182
>AHYNTR	CG31670		F1	CG31670_SOLEXA_5.pfm	strand=-1	position in motif=11
0.996997	0.786787	0.069069	0.212591
0.000000	0.000000	0.621622	0.446568
0.003003	0.105105	0.006006	0.215337
0.000000	0.108108	0.303303	0.125504
>QASTCR	CG31670		F2	CG31670_SOLEXA_5.pfm	strand=-1	position in motif=8
0.762763	0.123123	0.027027	0.996997
0.132132	0.045045	0.933934	0.000000
0.072072	0.759760	0.012012	0.003003
0.033033	0.072072	0.027027	0.000000
>RSSTNT	CG31670		F3	CG31670_SOLEXA_5.pfm	strand=-1	position in motif=5
0.816817	0.600601	0.006006	0.762763
0.003003	0.009009	0.009009	0.132132
0.168168	0.009009	0.975976	0.072072
0.012012	0.381381	0.009009	0.033033
>QKGNKN	CG31670		F4	CG31670_SOLEXA_5.pfm	strand=-1	position in motif=2
0.424280	0.921922	0.948949	0.816817
0.305450	0.009009	0.003003	0.003003
0.152297	0.048048	0.015015	0.168168
0.117973	0.021021	0.033033	0.012012
>FKNQTK	CG31782		F9	CG31782_SOLEXA_5.pfm	strand=1	position in motif=9
0.198512	0.569303	0.147220	0.25
0.010180	0.076742	0.228661	0.25
0.774863	0.112373	0.518794	0.25
0.016445	0.241582	0.105325	0.25
>QKHHVR	CG31782		F10	CG31782_SOLEXA_5.pfm	strand=1	position in motif=6
0.000783	0.000000	0.151527	0.198512
0.000000	0.000000	0.000000	0.010180
0.999217	1.000000	0.056382	0.774863
0.000000	0.000000	0.792091	0.016445
>KQSLRT	CG31782		F11	CG31782_SOLEXA_5.pfm	strand=1	position in motif=3
0.328113	0.147612	0.105325	0.000783
0.113547	0.119421	0.010572	0.000000
0.373923	0.573610	0.227878	0.999217
0.184417	0.159358	0.656226	0.000000
>EQRVRQ	CG32830		F1	CG32830_SOLEXA_5.pfm	strand=1	position in motif=11
0.998179	0.974499	0.000000	0.072860
0.001821	0.025501	0.209472	0.628415
0.000000	0.000000	0.000000	0.173042
0.000000	0.000000	0.790528	0.125683
>HPNSRN	CG32830		F2	CG32830_SOLEXA_5.pfm	strand=1	position in motif=8
0.479053	0.000000	0.000000	0.998179
0.038251	0.010929	0.000000	0.001821
0.242259	0.000000	0.000000	0.000000
0.240437	0.989071	1.000000	0.000000
>YTQSLK	CG3407		F3	CG3407_SOLEXA_2.5.pfm	strand=1	position in motif=25
0.292135	0.25	0.25	0.25
0.138577	0.25	0.25	0.25
0.123596	0.25	0.25	0.25
0.445693	0.25	0.25	0.25
>QWGDKY	CG3407		F4	CG3407_SOLEXA_2.5.pfm	strand=1	position in motif=22
0.966292	0.022472	0.621723	0.292135
0.014981	0.977528	0.000000	0.138577
0.018727	0.000000	0.074906	0.123596
0.000000	0.000000	0.303371	0.445693
>RRYSVV	CG3407		F5	CG3407_SOLEXA_2.5.pfm	strand=1	position in motif=19
0.007491	0.000000	0.014981	0.966292
0.000000	0.000000	0.000000	0.014981
0.000000	0.000000	0.973783	0.018727
0.992509	1.000000	0.011236	0.000000
>QLTTRN	CG4360		F1	CG4360_F1-3_SOLEXA_2.5.pfm	strand=-1	position in motif=11
0.992586	0.056425	0.883443	0.599911
0.000824	0.937397	0.056425	0.179331
0.004119	0.000824	0.006178	0.057008
0.002471	0.005354	0.053954	0.163750
>QISTTN	CG4360		F2	CG4360_F1-3_SOLEXA_2.5.pfm	strand=-1	position in motif=8
0.954695	0.005354	0.995881	0.992586
0.002883	0.993822	0.002059	0.000824
0.042010	0.000412	0.000824	0.004119
0.000412	0.000412	0.001236	0.002471
>QQSTIN	CG4360		F3	CG4360_F1-3_SOLEXA_2.5.pfm	strand=-1	position in motif=5
0.832372	0.013591	0.985173	0.954695
0.108731	0.976936	0.000412	0.002883
0.053130	0.003295	0.004942	0.042010
0.005766	0.006178	0.009473	0.000412
>ERVKTN	CG4854		F1	CG4854_SOLEXA_5.pfm	strand=-1	position in motif=12
0.135204	0.647959	0.221939	0.288265
0.479592	0.107143	0.500000	0.479592
0.048469	0.191327	0.198980	0.084184
0.336735	0.053571	0.079082	0.147959
>QTPQAR	CG4854		F2	CG4854_SOLEXA_5.pfm	strand=-1	position in motif=9
0.892857	0.946429	0.033163	0.135204
0.022959	0.010204	0.864796	0.479592
0.005102	0.002551	0.007653	0.048469
0.079082	0.040816	0.094388	0.336735
>DPSTIK	CG4854		F3	CG4854_SOLEXA_5.pfm	strand=-1	position in motif=6
0.079082	0.010204	0.005102	0.892857
0.000000	0.941327	0.920918	0.022959
0.867347	0.012755	0.000000	0.005102
0.053571	0.035714	0.073980	0.079082
>YSNVRV	CG4854		F4	CG4854_SOLEXA_5.pfm	strand=-1	position in motif=3
0.176020	0.005102	0.012755	0.079082
0.002551	0.017857	0.002551	0.000000
0.816327	0.012755	0.017857	0.867347
0.005102	0.964286	0.966837	0.053571
>QLHHNS	CG4854		F5	CG4854_SOLEXA_5.pfm	strand=-1	position in motif=0
0.25	0.187784	0.224490	0.176020
0.25	0.129818	0.336735	0.002551
0.25	0.512471	0.061224	0.816327
0.25	0.169927	0.377551	0.005102
>KTSHRA	CG5669		F1	CG5669_SOLEXA_5.pfm	strand=1	position in motif=9
0.000000	0.217806	0.068362	0.074722
0.000000	0.012719	0.054054	0.742448
0.605723	0.724960	0.812401	0.009539
0.394277	0.044515	0.065183	0.173291
>RSDEQR	CG5669		F2	CG5669_SOLEXA_5.pfm	strand=1	position in motif=6
0.000000	0.058824	0.001590	0.000000
0.000000	0.904610	0.000000	0.000000
0.992051	0.000000	0.992051	0.605723
0.007949	0.036566	0.006359	0.394277
>RSDHSR	CG5669		F3	CG5669_SOLEXA_5.pfm	strand=1	position in motif=3
0.133545	0.168521	0.000000	0.000000
0.014308	0.000000	0.000000	0.000000
0.421304	0.818760	0.993641	0.992051
0.430843	0.012719	0.006359	0.007949
>EPELLE	CG7368		F1	CG7368_SOLEXA_2.5.pfm	strand=1	position in motif=13
0.021186	0.288136	0.287433	0.25
0.004237	0.093220	0.072736	0.25
0.860169	0.402542	0.475279	0.25
0.114407	0.216102	0.164552	0.25
>RKDHTR	CG7368		F2	CG7368_SOLEXA_2.5.pfm	strand=1	position in motif=10
0.000000	0.004237	0.012712	0.021186
0.000000	0.000000	0.000000	0.004237
0.995763	0.961864	0.974576	0.860169
0.004237	0.033898	0.012712	0.114407
>RKEQSL	CG7368		F3	CG7368_SOLEXA_2.5.pfm	strand=1	position in motif=7
0.088983	0.262712	0.008475	0.000000
0.004237	0.000000	0.000000	0.000000
0.720339	0.355932	0.847458	0.995763
0.186441	0.381356	0.144068	0.004237
>RKDHRK	CG7368		F4	CG7368_SOLEXA_2.5.pfm	strand=1	position in motif=4
0.025424	0.016949	0.012712	0.088983
0.000000	0.000000	0.000000	0.004237
0.563559	0.949153	0.974576	0.720339
0.411017	0.033898	0.012712	0.186441
>SYSGIG	CG7928	F2-6	F2	CG7928_SOLEXA_5.pfm	strand=-1	position in motif=13
0.576117	0.462222	0.25	0.25
0.271264	0.198371	0.25	0.25
0.095865	0.200648	0.25	0.25
0.056755	0.138759	0.25	0.25
>RKFRKH	CG7928	F2-6	F3	CG7928_SOLEXA_5.pfm	strand=-1	position in motif=10
0.596811	0.296128	0.533030	0.576117
0.177677	0.236902	0.134396	0.271264
0.161731	0.282460	0.207289	0.095865
0.063781	0.184510	0.125285	0.056755
>HKVAYK	CG7928	F2-6	F4	CG7928_SOLEXA_5.pfm	strand=-1	position in motif=7
0.034169	0.209567	0.072893	0.596811
0.095672	0.031891	0.594533	0.177677
0.013667	0.740319	0.318907	0.161731
0.856492	0.018223	0.013667	0.063781
>TKAHER	CG7928	F2-6	F5	CG7928_SOLEXA_5.pfm	strand=-1	position in motif=4
0.000000	0.000000	0.469248	0.034169
0.002278	0.000000	0.398633	0.095672
0.995444	0.990888	0.031891	0.013667
0.002278	0.009112	0.100228	0.856492
>QMYNKA	CG7928	F2-6	F6	CG7928_SOLEXA_5.pfm	strand=-1	position in motif=1
0.073357	0.993166	0.000000	0.000000
0.666962	0.000000	0.000000	0.002278
0.095208	0.000000	0.979499	0.995444
0.164473	0.006834	0.020501	0.002278
>SKQAKV	CG8319		F5	CG8319_SOLEXA_2.5.pfm	strand=-1	position in motif=9
0.024876	0.009950	0.133157	0.25
0.975124	0.572139	0.650425	0.25
0.000000	0.024876	0.058385	0.25
0.000000	0.393035	0.158033	0.25
>DNNNAK	CG8319		F6	CG8319_SOLEXA_2.5.pfm	strand=-1	position in motif=6
0.084577	1.000000	0.029851	0.024876
0.000000	0.000000	0.965174	0.975124
0.915423	0.000000	0.000000	0.000000
0.000000	0.000000	0.004975	0.000000
>EKHHKR	CG8319		F7	CG8319_SOLEXA_2.5.pfm	strand=-1	position in motif=3
0.004975	0.000000	0.054726	0.084577
0.000000	0.000000	0.004975	0.000000
0.945274	0.990050	0.009950	0.915423
0.049751	0.009950	0.930348	0.000000
>KSSHKA	CG9895		F1	CG9895_SOLEXA_5.pfm	strand=1	position in motif=7
0.003030	0.068687	0.063636	0.075568
0.015152	0.018182	0.045455	0.510795
0.214141	0.826263	0.788889	0.032008
0.767677	0.086869	0.102020	0.381629
>RSDETR	CG9895		F2	CG9895_SOLEXA_5.pfm	strand=1	position in motif=4
0.000000	0.019192	0.002020	0.003030
0.000000	0.650505	0.000000	0.015152
0.968687	0.000000	0.970707	0.214141
0.031313	0.330303	0.027273	0.767677
>RSDHSL	CG9895		F3	CG9895_SOLEXA_5.pfm	strand=1	position in motif=1
0.242431	0.044648	0.002020	0.000000
0.054033	0.000302	0.000000	0.000000
0.203528	0.930605	0.966667	0.968687
0.500007	0.024446	0.031313	0.031313
>YETNRA	chinmo		F1	chinmo.pfm	strand=-1	position in motif=8
0	1	0.021134594	0.070077864
0.993325918	0	0.008898776	0.49054505
0	0	0.051167964	0.034482759
0.006674082	0	0.918798665	0.404894327
>RNNTRR	chinmo		F2	chinmo.pfm	strand=-1	position in motif=5
0.106785317	0	0.008898776	0
0.078976641	0.007786429	0	0.993325918
0.708565072	0	0.991101224	0
0.10567297	0.992213571	0	0.006674082
>DPSSRK	ci		F5	ci_SOLEXA_5.pfm	strand=1	position in motif=1
0.029678	0.667752	0.018096	0.000000
0.042707	0.177343	0.981542	0.999638
0.870069	0.154904	0.000000	0.000362
0.057546	0.000000	0.000362	0.000000
>RKEHAN	crol-F7-16		F7	crol_F7-16_SOLEXA_2.5.pfm	strand=1	position in motif=10
0.000000	0.017863	0.015762	0.143257
0.000000	0.000000	0.004904	0.015061
1.000000	0.981786	0.923292	0.737303
0.000000	0.000350	0.056042	0.104378
>RKEHTN	crol-F7-17		F8	crol_F7-16_SOLEXA_2.5.pfm	strand=1	position in motif=7
0.049737	0.045184	0.007005	0.000000
0.000000	0.005604	0.000000	0.000000
0.947110	0.948511	0.987741	1.000000
0.003152	0.000701	0.005254	0.000000
>HVSNKL	D19B		F10	19B_SOLEXA_5.pfm	strand=-1	position in motif=8
0.001567	0.959639	0.043495	0.25
0.008229	0.026254	0.134404	0.25
0.058777	0.014107	0.212382	0.25
0.931426	0.000000	0.609718	0.25
>KKQYRH	D19B		F11	19B_SOLEXA_5.pfm	strand=-1	position in motif=5
0.073276	0.000000	0.000392	0.001567
0.096395	0.000392	0.000000	0.008229
0.778213	0.924373	0.910658	0.058777
0.052116	0.075235	0.088950	0.931426
>QEQVKT	D19B		F12	19B_SOLEXA_5.pfm	strand=-1	position in motif=2
0.721003	0.141458	0.769984	0.073276
0.168495	0.565831	0.005486	0.096395
0.098354	0.066614	0.128527	0.778213
0.012147	0.226097	0.096003	0.052116
>DKGAKI	disco		F1	disco_SOLEXA_5.pfm	strand=-1	position in motif=10
0.974182	0.204819	0.235800	0.216867
0.000000	0.783133	0.726334	0.309811
0.018933	0.000000	0.017212	0.108434
0.006885	0.012048	0.020654	0.364888
>SRRSNR	disco		F2	disco_SOLEXA_5.pfm	strand=-1	position in motif=7
0.000000	0.000000	0.010327	0.974182
0.000000	0.018933	0.969019	0.000000
0.950086	0.000000	0.000000	0.018933
0.049914	0.981067	0.020654	0.006885
>DKGAKI	disco-r-F1-2		F1	disco-r-Cl1_SOLEXA_5.pfm	strand=-1	position in motif=9
0.952823	0.178268	0.181361	0.319026
0.015855	0.806265	0.779582	0.328306
0.030549	0.000000	0.023975	0.134184
0.000773	0.015468	0.015081	0.218484
>SRRSNR	disco-r-F1-2		F2	disco-r-Cl1_SOLEXA_5.pfm	strand=-1	position in motif=6
0.000387	0.003480	0.000773	0.952823
0.000000	0.001547	0.999227	0.015855
0.999613	0.053751	0.000000	0.030549
0.000000	0.941222	0.000000	0.000773
>RPWLQG	esg		F3	Esg_SOLEXA_F3-5.pfm	strand=-1	position in motif=12
0.000000	0.000000	0.002159	0.023030
1.000000	0.000000	0.000000	0.876934
0.000000	0.181000	0.904642	0.024109
0.000000	0.819000	0.093199	0.075927
>DRSNRA	esg		F4	Esg_SOLEXA_F3-5.pfm	strand=-1	position in motif=9
0.010795	0.935588	0.000000	0.000000
0.989205	0.064412	1.000000	1.000000
0.000000	0.000000	0.000000	0.000000
0.000000	0.000000	0.000000	0.000000
>IVSVWH	fru	PI	F1	fru_SOLEXA_5.pfm	strand=-1	position in motif=15
0.000000	0.934247	0.989041	0.142466
0.002740	0.008219	0.008219	0.512329
0.002740	0.000000	0.002740	0.054795
0.994521	0.057534	0.000000	0.290411
>RRDNKA	fru	PI	F2	fru_SOLEXA_5.pfm	strand=-1	position in motif=12
0.394521	1.000000	0.005479	0.000000
0.556164	0.000000	0.000000	0.002740
0.000000	0.000000	0.991781	0.002740
0.049315	0.000000	0.002740	0.994521
>QAANTA	gl		F2	gl_SOLEXA_5.pfm	strand=-1	position in motif=10
0.131403	0.601336	0.594655	0.358575
0.496659	0.097996	0.153675	0.256125
0.155902	0.118040	0.122494	0.289532
0.216036	0.182628	0.129176	0.095768
>QSSSTT	gl		F3	gl_SOLEXA_5.pfm	strand=-1	position in motif=7
0.445434	0.109131	0.759465	0.131403
0.309577	0.169265	0.064588	0.496659
0.109131	0.028953	0.075724	0.155902
0.135857	0.692650	0.100223	0.216036
>DSSTTK	gl		F4	gl_SOLEXA_5.pfm	strand=-1	position in motif=4
0.169265	0.017817	0.044543	0.445434
0.033408	0.957684	0.926503	0.309577
0.763920	0.011136	0.008909	0.109131
0.033408	0.013363	0.020045	0.135857
>QSGNNR	gl		F5	gl_SOLEXA_5.pfm	strand=-1	position in motif=1
0.101843	0.914430	0.939866	0.169265
0.071876	0.029891	0.026726	0.033408
0.748936	0.018755	0.020045	0.763920
0.077345	0.036924	0.013363	0.033408
>FKHHEY	hb		F2	hb_SOLEXA_5.pfm	strand=1	position in motif=10
0.000000	0.614286	0.25	0.25
0.000000	0.057143	0.25	0.25
0.000000	0.328571	0.25	0.25
1.000000	0.000000	0.25	0.25
>NKSMNS	hb		F3	hb_SOLEXA_5.pfm	strand=1	position in motif=7
0.000000	0.000000	0.057143	0.000000
0.000000	0.000000	0.000000	0.000000
0.000000	0.000000	0.000000	0.000000
1.000000	1.000000	0.942857	1.000000
>YCHSKL	hb		F4	hb_SOLEXA_5.pfm	strand=1	position in motif=4
0.128571	0.000000	0.000000	0.000000
0.114286	0.000000	0.000000	0.000000
0.471429	0.000000	0.000000	0.000000
0.285714	1.000000	1.000000	1.000000
>NNGQKG	Hkb		F1	hkb_SOLEXA_5.pfm	strand=1	position in motif=8
0.000720	0.012604	0.650997	0.144379
0.010083	0.000000	0.080728	0.211581
0.136118	0.976593	0.122140	0.366424
0.853079	0.010803	0.146135	0.277616
>RNEETR	Hkb		F2	hkb_SOLEXA_5.pfm	strand=1	position in motif=5
0.000000	0.002521	0.000360	0.000720
0.000000	0.991358	0.000000	0.010083
1.000000	0.005762	0.999640	0.136118
0.000000	0.000360	0.000000	0.853079
>RRDHKK	Hkb		F3	hkb_SOLEXA_5.pfm	strand=1	position in motif=2
0.119203	0.193734	0.000000	0.000000
0.020516	0.000000	0.000000	0.000000
0.550945	0.806266	1.000000	1.000000
0.309336	0.000000	0.000000	0.000000
>QKSTLQ	jim		F1	jim_F1-9_SOLEXA_2.5.pfm	strand=-1	position in motif=10
0.375887	0.364066	0.567376	0.482270
0.524823	0.288416	0.130024	0.338061
0.094563	0.174941	0.174941	0.085106
0.004728	0.172577	0.127660	0.094563
>QQSHTQ	jim		F2	jim_F1-9_SOLEXA_2.5.pfm	strand=-1	position in motif=7
0.872340	0.825059	0.973995	0.375887
0.122931	0.011820	0.000000	0.524823
0.004728	0.151300	0.026005	0.094563
0.000000	0.011820	0.000000	0.004728
>QRAINQ	jim		F3	jim_F1-9_SOLEXA_2.5.pfm	strand=-1	position in motif=4
0.978723	0.612293	0.971631	0.872340
0.014184	0.245863	0.002364	0.122931
0.000000	0.000000	0.009456	0.004728
0.007092	0.141844	0.016548	0.000000
>QKAINQ	jim		F4	jim_F1-9_SOLEXA_2.5.pfm	strand=-1	position in motif=1
0.499687	0.303565	0.879433	0.978723
0.159888	0.457664	0.061466	0.014184
0.259179	0.110146	0.014184	0.000000
0.081247	0.128625	0.044917	0.007092
>MSWNKT	ken		F1	ken_SOLEXA_5.pfm	strand=-1	position in motif=10
0.992537	0.998134	0.003731	0.003731
0.003731	0.000000	0.000000	0.343284
0.001866	0.000000	0.985075	0.085821
0.001866	0.001866	0.011194	0.567164
>QKAHLK	ken		F2	ken_SOLEXA_5.pfm	strand=-1	position in motif=7
0.460821	0.000000	0.983209	0.992537
0.020522	0.000000	0.000000	0.003731
0.033582	0.988806	0.000000	0.001866
0.485075	0.011194	0.016791	0.001866
>SVQEVR	ken		F3	ken_SOLEXA_5.pfm	strand=-1	position in motif=4
0.244403	0.388060	0.083955	0.460821
0.337687	0.037313	0.001866	0.020522
0.222015	0.501866	0.871269	0.033582
0.195896	0.072761	0.042910	0.485075
>LHDRAK	klu		F1	klu_SOLEXA_5.pfm	strand=1	position in motif=11
0.051690	0.200795	0.188867	0.161175
0.047714	0.127237	0.168986	0.184750
0.592445	0.405567	0.373757	0.339819
0.308151	0.266402	0.268390	0.314256
>RSDMTR	klu		F2	klu_SOLEXA_5.pfm	strand=1	position in motif=8
0.017893	0.141153	0.005964	0.051690
0.000000	0.095427	0.000000	0.047714
0.976143	0.011928	0.976143	0.592445
0.005964	0.751491	0.017893	0.308151
>RSDHST	klu		F3	klu_SOLEXA_5.pfm	strand=1	position in motif=5
0.027833	0.051690	0.019881	0.017893
0.011928	0.000000	0.009940	0.000000
0.333996	0.938370	0.964215	0.976143
0.626243	0.009940	0.005964	0.005964
>RRDMTR	klu		F4	klu_SOLEXA_5.pfm	strand=1	position in motif=2
0.086604	0.073559	0.013917	0.027833
0.039638	0.457256	0.001988	0.011928
0.745404	0.019881	0.980119	0.333996
0.128354	0.449304	0.003976	0.626243
>YKHVQN	Kr		F1	kr_SOLEXA_2.5.pfm	strand=-1	position in motif=10
0.048849	0.023819	0.151797	0.603553
0.014534	0.008074	0.035527	0.076302
0.936617	0.284215	0.098910	0.272911
0.000000	0.683892	0.713767	0.047235
>RDHHKT	Kr		F2	kr_SOLEXA_2.5.pfm	strand=-1	position in motif=7
0.612434	0.000000	0.062576	0.048849
0.207105	0.000000	0.000000	0.014534
0.134033	1.000000	0.937424	0.936617
0.046427	0.000000	0.000000	0.000000
>QVANRR	Kr		F3	kr_SOLEXA_2.5.pfm	strand=-1	position in motif=4
0.195801	0.605168	0.726686	0.612434
0.199839	0.091239	0.020993	0.207105
0.428744	0.238595	0.084780	0.134033
0.175616	0.064998	0.167541	0.046427
>DRSLEQ	l(3)neo38		F1	l(3)neo38_SOLEXA_2.5.pfm	strand=1	position in motif=12
0.078861	0.232202	0.187734	0.205306
0.042716	0.118291	0.163306	0.191737
0.624315	0.391019	0.456844	0.362602
0.254107	0.258488	0.192115	0.240355
>RKDHTR	l(3)neo38		F2	l(3)neo38_SOLEXA_2.5.pfm	strand=1	position in motif=9
0.000000	0.084337	0.000000	0.078861
0.000000	0.000000	0.000000	0.042716
0.966046	0.914567	0.990142	0.624315
0.033954	0.001095	0.009858	0.254107
>RKEQTL	l(3)neo38		F3	l(3)neo38_SOLEXA_2.5.pfm	strand=1	position in motif=6
0.124863	0.176342	0.000000	0.000000
0.023001	0.082147	0.000000	0.000000
0.613363	0.371303	0.884995	0.966046
0.238773	0.370208	0.115005	0.033954
>RKDHRK	l(3)neo38		F4	l(3)neo38_SOLEXA_2.5.pfm	strand=1	position in motif=3
0.041621	0.121577	0.000000	0.124863
0.005476	0.000000	0.000000	0.023001
0.523549	0.851041	0.993428	0.613363
0.429354	0.027382	0.006572	0.238773
>DPSSRK	lmd		F5	lmd_SOLEXA_5.pfm	strand=-1	position in motif=3
0.155979	0.551127	0.034662	0.077990
0.221837	0.315425	0.894281	0.904679
0.419411	0.121317	0.000000	0.000000
0.202773	0.012132	0.071057	0.017331
>RLSAKR	lola	PA	F1	lola-PA_SOLEXA_5.pfm	strand=1	position in motif=11
0.000000	0.175201	0.120186	0.103807
0.000000	0.106644	0.048244	0.505799
1.000000	0.017351	0.000000	0.024631
0.000000	0.700804	0.831570	0.365763
>RKDSNR	lola	PA	F2	lola-PA_SOLEXA_5.pfm	strand=1	position in motif=8
0.411342	0.477359	0.000000	0.000000
0.264071	0.000000	0.000000	0.000000
0.112569	0.522641	1.000000	1.000000
0.212019	0.000000	0.000000	0.000000
>LKSSRN	lola	PC	F1	lola-PC_SOLEXA_5.pfm	strand=1	position in motif=6
0.992055	0.990674	0.989983	0.171675
0.007945	0.009326	0.007945	0.269775
0.000000	0.000000	0.002073	0.259758
0.000000	0.000000	0.000000	0.298791
>QKMHGR	lola	PC	F2	lola-PC_SOLEXA_5.pfm	strand=1	position in motif=3
0.069430	0.000000	0.719171	0.992055
0.010017	0.000345	0.020035	0.007945
0.786183	0.999655	0.260794	0.000000
0.134370	0.000000	0.000000	0.000000
>RKRHQR	lola	PD	F1	Lola-PD_SOLEXA_5.pfm	strand=1	position in motif=7
0.000000	0.218720	0.000000	0.242598
0.000000	0.000000	0.000000	0.558739
1.000000	0.781280	0.933142	0.131805
0.000000	0.000000	0.066858	0.066858
>RKYHVR	lola	PD	F2	Lola-PD_SOLEXA_5.pfm	strand=1	position in motif=4
0.000000	0.000000	0.000000	0.000000
0.000000	0.000000	0.000000	0.000000
0.716332	0.714422	1.000000	1.000000
0.283668	0.285578	0.000000	0.000000
>DASSQR	lola	PF	F1	lola-PF_SOLEXA_2.5.pfm	strand=-1	position in motif=11
0.000000	0.000000	0.023221	0.242848
0.000000	0.000749	0.065169	0.053219
0.997753	0.026592	0.010861	0.361834
0.002247	0.972659	0.900749	0.342099
>QSSHKR	lola	PF	F2	lola-PF_SOLEXA_2.5.pfm	strand=-1	position in motif=8
0.004494	0.056180	0.949438	0.000000
0.001498	0.000000	0.000375	0.000000
0.993633	0.943446	0.050187	0.997753
0.000375	0.000375	0.000000	0.002247
>WKSTRR	lola	PG	F1	Lola-PG.pfm	strand=-1	position in motif=8
0.000000	0.021967	0.035147	0.042244
0.000000	0.972626	0.030416	0.685705
0.966205	0.000000	0.102062	0.059142
0.033795	0.005407	0.832376	0.212910
>QRGNGV	lola	PG	F2	Lola-PG.pfm	strand=-1	position in motif=5
0.782697	0.998310	0.988510	0.000000
0.021291	0.001690	0.011490	0.000000
0.040554	0.000000	0.000000	0.966205
0.155458	0.000000	0.000000	0.033795
>WKSTRR	lola	PI	F1	lola-PI_SOLEXA_2.5.pfm	strand=-1	position in motif=5
0.000000	0.000000	0.045574	0.123832
0.000000	1.000000	0.027472	0.501682
1.000000	0.000000	0.031587	0.102505
0.000000	0.000000	0.895368	0.271981
>QRGNGV	lola	PI	F2	lola-PI_SOLEXA_2.5.pfm	strand=-1	position in motif=2
0.768872	0.954733	1.000000	0.000000
0.054174	0.045267	0.000000	0.000000
0.039770	0.000000	0.000000	1.000000
0.137184	0.000000	0.000000	0.000000
>RPHSNR	lola	PJ	F1	Lola_PJ.pfm	strand=1	position in motif=6
0.000000	0.038397	0.041180	0.080412
0.000000	0.438509	0.003895	0.121870
1.000000	0.000000	0.018920	0.589037
0.000000	0.523094	0.936004	0.208681
>HKHNVL	lola	PJ	F2	Lola_PJ.pfm	strand=1	position in motif=3
0.009460	1.000000	0.000000	0.000000
0.005843	0.000000	0.000556	0.000000
0.000000	0.000000	0.000000	1.000000
0.984697	0.000000	0.999444	0.000000
>TRKSSR	lola	PK	F1	Lola_PK.pfm	strand=-1	position in motif=8
0.000000	0.213480	0.246525	0.159979
0.001574	0.197482	0.121951	0.628639
0.998426	0.441385	0.450564	0.159192
0.000000	0.147653	0.180960	0.052190
>RSDNTK	lola	PK	F2	Lola_PK.pfm	strand=-1	position in motif=5
0.000000	0.975610	0.000000	0.000000
0.003147	0.022292	0.001574	0.001574
0.021768	0.002098	0.998426	0.998426
0.975085	0.000000	0.000000	0.000000
>RLSAKR	lola	PL	F1	lola-PL_SOLEXA_2.5.pfm	strand=-1	position in motif=10
0.000000	0.156720	0.071810	0.217370
0.000000	0.066473	0.000000	0.598253
1.000000	0.384765	0.469675	0.079573
0.000000	0.392043	0.458515	0.104803
>RKDSNR	lola	PL	F2	lola-PL_SOLEXA_2.5.pfm	strand=-1	position in motif=7
0.000000	0.000000	0.000000	0.000000
0.000000	0.000000	0.000000	0.000000
1.000000	0.000000	1.000000	1.000000
0.000000	1.000000	0.000000	0.000000
>TLSRML	lola	PN	F1	lola-PN_SOLEXA_2.5.pfm	strand=1	position in motif=8
0.000000	0.000000	0.000000	0.219400
0.000000	0.000000	0.303695	0.265589
1.000000	0.058891	0.048499	0.211316
0.000000	0.941109	0.647806	0.303695
>RRSHNR	lola	PN	F2	lola-PN_SOLEXA_2.5.pfm	strand=1	position in motif=5
0.488453	0.158199	0.000000	0.000000
0.063510	0.003464	0.000000	0.000000
0.393764	0.712471	1.000000	1.000000
0.054273	0.125866	0.000000	0.000000
>SHQKQE	lola	PO	F1	Lola-PO.pfm	strand=1	position in motif=8
0.080769	0.157692	0.161538	0.265385
0.880769	0.234615	0.238462	0.630769
0.019231	0.607692	0.473077	0.000000
0.019231	0.000000	0.126923	0.103846
>RKDHLR	lola	PO	F2	Lola-PO.pfm	strand=1	position in motif=5
0.000000	0.000000	0.000000	0.080769
0.003846	0.000000	0.000000	0.880769
0.892308	1.000000	0.961538	0.019231
0.103846	0.000000	0.038462	0.019231
>VLGTRR	lola	PQ	F1	Lola-PQ.pfm	strand=1	position in motif=8
0.000000	0.259341	0.013187	0.037363
0.000000	0.000000	0.083516	0.580220
1.000000	0.000000	0.000000	0.083516
0.000000	0.740659	0.903297	0.298901
>YNFKQD	lola	PQ	F2	Lola-PQ.pfm	strand=1	position in motif=5
0.096703	0.000000	0.000000	0.000000
0.013187	0.000000	0.000000	0.000000
0.890110	0.340659	0.002198	1.000000
0.000000	0.659341	0.997802	0.000000
>YKKNSR	lola	PT	F1	Lola-PT.pfm	strand=1	position in motif=7
0.000000	0.930801	0.000000	0.058345
0.000000	0.066486	0.000000	0.743555
1.000000	0.000000	1.000000	0.097693
0.000000	0.002714	0.000000	0.100407
>YKHSNM	lola	PT	F2	Lola-PT.pfm	strand=1	position in motif=4
0.378562	0.024423	0.000000	0.000000
0.035278	0.000000	0.000000	0.000000
0.373134	0.025780	0.000000	1.000000
0.213026	0.949796	1.000000	0.000000
>YKKNSR	lola	PU	F1	lola-PU_SOLEXA_5.pfm	strand=1	position in motif=8
0.000000	0.959497	0.000000	0.013268
0.000000	0.040503	0.000000	0.772346
1.000000	0.000000	1.000000	0.111732
0.000000	0.000000	0.000000	0.102654
>YKHSNM	lola	PU	F2	lola-PU_SOLEXA_5.pfm	strand=1	position in motif=5
0.402235	0.020601	0.000000	0.000000
0.037709	0.000000	0.000000	0.000000
0.283520	0.032123	0.020601	1.000000
0.276536	0.947277	0.979399	0.000000
>IKGSKR	lola	PW	F1	Lola-PW.pfm	strand=-1	position in motif=6
0.000000	0.000000	0.987080	0.527132
0.000000	0.927649	0.000000	0.315245
1.000000	0.000000	0.012920	0.051680
0.000000	0.072351	0.000000	0.105943
>YRSDRK	lola	PW	F2	Lola-PW.pfm	strand=-1	position in motif=3
0.059432	0.000000	0.002584	0.000000
0.152455	1.000000	0.000000	0.000000
0.263566	0.000000	0.002584	1.000000
0.524548	0.000000	0.994832	0.000000
>TLSRML	lola	PY	F1	lola-PY_SOLEXA_5.pfm	strand=1	position in motif=10
0.000000	0.000000	0.007377	0.257722
0.000000	0.000000	0.479945	0.232365
1.000000	0.066390	0.000000	0.245274
0.000000	0.933610	0.512679	0.264638
>RRSHNR	lola	PY	F2	lola-PY_SOLEXA_5.pfm	strand=1	position in motif=7
0.722453	0.087137	0.000000	0.000000
0.000000	0.000000	0.000000	0.000000
0.257722	0.847856	1.000000	1.000000
0.019825	0.065007	0.000000	0.000000
>KSSHKA	luna		F1	luna_SOLEXA_5.pfm	strand=1	position in motif=10
0.008170	0.096405	0.060458	0.057190
0.039216	0.029412	0.044118	0.647059
0.243464	0.754902	0.756536	0.042484
0.709150	0.119281	0.138889	0.253268
>RSDETR	luna		F2	luna_SOLEXA_5.pfm	strand=1	position in motif=7
0.001634	0.027778	0.000000	0.008170
0.008170	0.764706	0.000000	0.039216
0.960784	0.001634	0.991830	0.243464
0.029412	0.205882	0.008170	0.709150
>RSDHAL	luna		F3	luna_SOLEXA_5.pfm	strand=1	position in motif=4
0.294118	0.058824	0.006536	0.001634
0.058824	0.000000	0.000000	0.008170
0.196078	0.911765	0.946078	0.960784
0.450980	0.029412	0.047386	0.029412
>KSYNLI	odd		F1	odd_NBT_1.5.pfm	strand=-1	position in motif=6
0.273	0.909	0	0
0	0	0.091	0.864
0	0	0.909	0.045
0.727	0.091	0	0.091
>RQDHRD	odd		F2	odd_NBT_1.5.pfm	strand=-1	position in motif=3
0.045	0.545	0	0.273
0.955	0	0	0
0	0.455	1	0
0	0	0	0.727
>QSRTAV	odd		F3	odd_NBT_1.5.pfm	strand=-1	position in motif=0
0.25	0.364	0.273	0.045
0.25	0.091	0.5	0.955
0.25	0.091	0.091	0
0.25	0.455	0.136	0
>HPSSRK	opa		F5	opa_SOLEXA_5.pfm	strand=1	position in motif=4
0.130306	0.447398	0.101883	0.083795
0.342562	0.325951	0.805463	0.893319
0.416021	0.221853	0.019195	0.000000
0.111111	0.004799	0.073459	0.022887
>LQRLNR	ovo		F1	ovo_SOLEXA_5.pfm	strand=-1	position in motif=7
0.007371	0.004914	0.054054	0.987715
0.000000	0.000000	0.000000	0.007371
0.985258	0.000000	0.002457	0.004914
0.007371	0.995086	0.943489	0.000000
>DTFDKR	ovo		F2	ovo_SOLEXA_5.pfm	strand=-1	position in motif=4
0.449631	0.014742	0.019656	0.007371
0.383292	0.985258	0.980344	0.000000
0.049140	0.000000	0.000000	0.985258
0.117936	0.000000	0.000000	0.007371
>QRCSES	ovo		F3	ovo_SOLEXA_5.pfm	strand=-1	position in motif=1
0.365045	0.296078	0.113022	0.449631
0.082130	0.025789	0.029484	0.383292
0.251663	0.502448	0.054054	0.049140
0.301162	0.175685	0.803440	0.117936
>KKEHTQ	pad		F1	pad_SOLEXA_5.pfm	strand=-1	position in motif=23
0.570231	0.680643	0.269778	0.25
0.067785	0.067785	0.334694	0.25
0.079665	0.032145	0.247343	0.25
0.282320	0.219427	0.148185	0.25
>RKEHSR	pad		F2	pad_SOLEXA_5.pfm	strand=-1	position in motif=20
0.000000	0.062893	0.006988	0.570231
0.000000	0.000000	0.000000	0.067785
1.000000	0.928721	0.946191	0.079665
0.000000	0.008386	0.046820	0.282320
>RKDNNK	pad		F3	pad_SOLEXA_5.pfm	strand=-1	position in motif=17
0.265549	0.772886	0.001398	0.000000
0.201258	0.114605	0.000000	0.000000
0.399720	0.009085	0.997205	1.000000
0.133473	0.103424	0.001398	0.000000
>SASSDR	peb-F1-3		F2	peb-1_SOLEXA_2.5.pfm	strand=1	position in motif=9
0.000000	0.022683	0.069807	0.25
0.000000	0.903023	0.121686	0.25
1.000000	0.031552	0.131345	0.25
0.000000	0.042742	0.677162	0.25
>TNGNHR	peb-F1-3		F3	peb-1_SOLEXA_2.5.pfm	strand=1	position in motif=6
0.000000	0.999257	0.000000	0.000000
0.000000	0.000743	0.000000	0.000000
1.000000	0.000000	0.000000	1.000000
0.000000	0.000000	1.000000	0.000000
>DSSARK	pho		F1	pho_SOLEXA_5.pfm	strand=-1	position in motif=12
0.027972	0.188811	0.325690	0.193492
0.102564	0.144522	0.486664	0.355459
0.792541	0.566434	0.071746	0.168979
0.076923	0.100233	0.115900	0.282070
>ESSKKR	pho		F2	pho_SOLEXA_5.pfm	strand=-1	position in motif=9
0.000000	0.000000	0.086247	0.027972
0.000000	0.000000	0.892774	0.102564
1.000000	1.000000	0.000000	0.792541
0.000000	0.000000	0.020979	0.076923
>LDFNRT	pho		F3	pho_SOLEXA_5.pfm	strand=-1	position in motif=6
0.515152	0.976690	0.000000	0.000000
0.121212	0.000000	0.000000	0.000000
0.209790	0.000000	0.000000	1.000000
0.153846	0.023310	1.000000	0.000000
>QSTNKS	pho		F4	pho_SOLEXA_5.pfm	strand=-1	position in motif=3
0.312354	0.696970	0.568765	0.515152
0.475524	0.060606	0.137529	0.121212
0.135198	0.186480	0.013986	0.209790
0.076923	0.055944	0.279720	0.153846
>NHSARK	phol		F1	phol_SOLEXA_5.pfm	strand=-1	position in motif=12
0.049906	0.225047	0.302002	0.187825
0.089454	0.249529	0.529919	0.366318
0.787194	0.370056	0.059109	0.182702
0.073446	0.155367	0.108970	0.263155
>ESSKKR	phol		F2	phol_SOLEXA_5.pfm	strand=-1	position in motif=9
0.000000	0.000000	0.048023	0.049906
0.000000	0.001883	0.909605	0.089454
0.967043	0.976460	0.000942	0.787194
0.032957	0.021657	0.041431	0.073446
>LDFNRT	phol		F3	phol_SOLEXA_5.pfm	strand=-1	position in motif=6
0.312618	0.970810	0.000000	0.000000
0.199623	0.000000	0.000942	0.000000
0.257062	0.000000	0.006591	0.967043
0.230697	0.029190	0.992467	0.032957
>QSTNKS	phol		F4	phol_SOLEXA_5.pfm	strand=-1	position in motif=3
0.286252	0.948211	0.871940	0.312618
0.548023	0.012241	0.046139	0.199623
0.083804	0.022599	0.035782	0.257062
