DE  54_CAA_LMYQR  Homeobox
0  0.213061  0.251238  0.319172  0.216530  N
1  0.074868  0.784607  0.070952  0.069573  C
2  0.000061  0.004817  0.040128  0.954994  T
3  0.016156  0.143065  0.006017  0.834762  T
4  0.000000  0.000000  1.000000  0.000000  G
5  0.000000  0.000000  0.000504  0.999496  T
6  0.000444  0.067730  0.000000  0.931826  T
7  0.955673  0.001044  0.000539  0.042744  A
8  0.496361  0.096342  0.309599  0.097698  R
9  0.260804  0.184252  0.259213  0.295730  N
XX
DE  otp  Homeobox
0  0.112047  0.395646  0.248031  0.244276  N
1  0.053736  0.000000  0.016610  0.929655  T
2  0.853713  0.058809  0.080770  0.006708  A
3  0.998052  0.000000  0.001948  0.000000  A
4  0.002819  0.008377  0.026072  0.962732  T
5  0.026732  0.101324  0.089414  0.782529  T
6  0.375707  0.018825  0.568646  0.036822  R
7  0.235852  0.269467  0.360568  0.134113  N
XX
DE  NEMVEDRAFT_v1g113057  Homeobox
0  0.253186  0.343205  0.248535  0.155074  N
1  0.098919  0.289247  0.098919  0.512915  Y
2  0.000163  0.000163  0.000163  0.999510  T
3  0.999510  0.000163  0.000163  0.000163  A
4  0.999510  0.000163  0.000163  0.000163  A
5  0.000163  0.000163  0.000163  0.999510  T
6  0.000163  0.999510  0.000163  0.000163  C
7  0.000163  0.999510  0.000163  0.000163  C
8  0.095089  0.306851  0.198802  0.399258  N
9  0.360641  0.240258  0.151244  0.247857  N
XX
DE  53_CAC_ERVSR  Homeobox
0  0.177989  0.302813  0.317888  0.201310  N
1  0.029084  0.925313  0.021650  0.023953  C
2  0.002870  0.000747  0.985665  0.010718  G
3  0.001068  0.049684  0.009328  0.939920  T
4  0.018840  0.000574  0.980119  0.000467  G
5  0.000334  0.001214  0.000934  0.997518  T
6  0.024666  0.065162  0.000254  0.909918  T
7  0.970535  0.003539  0.002182  0.023745  A
8  0.603328  0.044198  0.307360  0.045113  A
XX
DE  LHX1  Homeobox
0  0.199679  0.261335  0.336833  0.202153  N
1  0.115844  0.033955  0.027241  0.822960  T
2  0.608678  0.126180  0.220327  0.044814  A
3  1.000000  0.000000  0.000000  0.000000  A
4  0.035940  0.002463  0.017054  0.944543  T
5  0.080305  0.155485  0.187970  0.576240  N
6  0.347436  0.034719  0.560243  0.057602  R
7  0.195132  0.350007  0.275378  0.179484  N
XX
DE  LHX2  Homeobox
0  0.220232  0.271696  0.222446  0.285626  N
1  0.291351  0.229185  0.263625  0.215838  N
2  0.194386  0.333568  0.204352  0.267694  N
3  0.106702  0.252155  0.096548  0.544595  N
4  0.708900  0.012106  0.207206  0.071788  A
5  0.671736  0.131613  0.027657  0.168994  A
6  0.144596  0.205191  0.069682  0.580531  N
7  0.155780  0.110880  0.270007  0.463333  N
8  0.512218  0.101367  0.192241  0.194173  N
9  0.253879  0.199708  0.363893  0.182520  N
XX
DE  LHX3  Homeobox
0  0.416171  0.158847  0.257932  0.167050  N
1  0.106679  0.330021  0.094353  0.468947  N
2  0.035154  0.021093  0.000000  0.943753  T
3  0.950176  0.017577  0.010546  0.021701  A
4  1.000000  0.000000  0.000000  0.000000  A
5  0.000000  0.010546  0.000000  0.989454  T
6  0.000000  0.000000  0.000000  1.000000  T
7  0.989454  0.010546  0.000000  0.000000  A
8  0.961330  0.021093  0.007031  0.010546  A
9  0.235015  0.156504  0.021093  0.587389  W
10  0.008203  0.101992  0.094961  0.794844  T
11  0.224513  0.213359  0.041014  0.521115  N
12  0.201185  0.181872  0.072241  0.544703  N
XX
DE  LHX4  Homeobox
0  0.071074  0.222590  0.416529  0.289807  N
1  0.000000  0.316384  0.000000  0.683616  T
2  0.712323  0.080848  0.206829  0.000000  A
3  1.000000  0.000000  0.000000  0.000000  A
4  0.000000  0.000000  0.000000  1.000000  T
5  0.000000  0.252721  0.015719  0.731560  T
6  0.666789  0.000000  0.333211  0.000000  A
7  0.211687  0.399118  0.368247  0.020948  N
XX
DE  LHX6  Homeobox
0  0.347000  0.228000  0.275000  0.149000  N
1  0.106000  0.332000  0.102000  0.460000  N
2  0.001000  0.001000  0.000000  0.998000  T
3  0.629000  0.002000  0.369000  0.001000  A
4  0.999000  0.000000  0.000000  0.001000  A
5  0.000000  0.000000  0.000000  0.999000  T
6  0.001000  0.002000  0.005000  0.993000  T
7  0.705000  0.000000  0.293000  0.002000  A
XX
DE  CBG04010  Homeobox
0  0.200283  0.200283  0.200283  0.399150  N
1  0.234728  0.512860  0.126206  0.126206  N
2  0.102295  0.102295  0.192640  0.602771  T
3  0.000225  0.000225  0.000225  0.999324  T
4  0.908979  0.000225  0.000225  0.090570  A
5  0.809684  0.000225  0.000225  0.189866  A
6  0.095871  0.000225  0.000225  0.903679  T
7  0.199092  0.000225  0.314165  0.486518  K
8  0.244008  0.049942  0.439910  0.266140  N
9  0.340217  0.411744  0.124019  0.124019  N
10  0.241925  0.241523  0.147931  0.368621  N
XX
DE  LHX9  Homeobox
0  0.220446  0.315972  0.150755  0.312828  N
1  0.092485  0.047325  0.000095  0.860095  T
2  0.890992  0.039739  0.067514  0.001755  A
3  0.894617  0.059525  0.028974  0.016884  A
4  0.041531  0.207771  0.087921  0.662777  T
5  0.244271  0.118900  0.230046  0.406783  N
6  0.663453  0.165250  0.074998  0.096299  A
7  0.317871  0.145714  0.392151  0.144264  N
8  0.158235  0.325083  0.263507  0.253175  N
XX
DE  PK24181.1  Homeobox
0  0.253147  0.215718  0.189421  0.341713  N
1  0.294580  0.229419  0.160060  0.315940  N
2  0.258517  0.220293  0.150650  0.370540  N
3  0.218917  0.182855  0.157384  0.440844  N
4  0.292598  0.167135  0.145300  0.394967  N
5  0.359756  0.271898  0.189697  0.178650  N
6  0.272857  0.295582  0.221174  0.210387  N
7  0.207409  0.285629  0.045363  0.461598  N
8  0.248926  0.087984  0.476828  0.186262  N
9  0.226411  0.215369  0.111314  0.446907  N
XX
DE  21_TAC_ERVSV  Homeobox
0  0.242306  0.242469  0.280677  0.234548  N
1  0.039213  0.838324  0.038430  0.084034  C
2  0.015651  0.000000  0.930756  0.053593  G
3  0.044884  0.492816  0.000000  0.462300  Y
4  0.989049  0.001390  0.009561  0.000000  A
5  0.000000  0.000000  0.000000  1.000000  T
6  0.004883  0.011167  0.000000  0.983950  T
7  0.984392  0.000550  0.000140  0.014918  A
8  0.430387  0.111720  0.300569  0.157323  N
9  0.231084  0.266233  0.188673  0.314010  N
XX
DE  ceh-74  Homeobox
0  0.300985  0.201337  0.201337  0.296340  N
1  0.318072  0.126111  0.429707  0.126111  N
2  0.170762  0.075759  0.677719  0.075759  G
3  0.000138  0.093314  0.000138  0.906411  T
4  0.000138  0.000138  0.999587  0.000138  G
5  0.999587  0.000138  0.000138  0.000138  A
6  0.000138  0.000138  0.999587  0.000138  G
7  0.000138  0.000138  0.999587  0.000138  G
8  0.239550  0.048800  0.366148  0.345502  N
9  0.332155  0.314777  0.229042  0.124027  N
10  0.271951  0.267555  0.174378  0.286116  N
XX
DE  IRX5  Homeobox
0  0.343450  0.182641  0.224707  0.249201  N
1  0.091801  0.542148  0.162529  0.203522  N
2  0.488550  0.044105  0.307464  0.159881  N
3  0.055556  0.128923  0.019084  0.796438  T
4  0.046033  0.025465  0.919687  0.008815  G
5  0.090294  0.097852  0.064837  0.747017  T
6  0.422033  0.202767  0.044705  0.330495  N
7  0.242812  0.248136  0.248136  0.260916  N
8  0.321086  0.062833  0.155485  0.460596  N
9  0.745534  0.051211  0.121477  0.081778  A
10  0.020147  0.922850  0.021130  0.035872  C
11  0.793745  0.026627  0.132713  0.046915  A
12  0.149142  0.302684  0.024637  0.523537  Y
13  0.209607  0.162737  0.546725  0.080932  N
14  0.228967  0.248669  0.171459  0.350905  N
XX
DE  IRX1  Homeobox
0  0.325123  0.118227  0.216749  0.339901  N
1  0.576271  0.107345  0.163842  0.152542  N
2  0.082734  0.733813  0.075540  0.107914  C
3  0.608955  0.056716  0.262687  0.071642  A
4  0.177536  0.275362  0.086957  0.460145  N
5  0.218468  0.175676  0.459459  0.146396  N
6  0.231527  0.285714  0.162562  0.320197  N
7  0.292683  0.185366  0.243902  0.278049  N
8  0.325123  0.137931  0.251232  0.285714  N
9  0.334975  0.157635  0.157635  0.349754  N
10  0.279412  0.259804  0.196078  0.264706  N
11  0.313725  0.176471  0.215686  0.294118  N
12  0.144796  0.461538  0.176471  0.217195  N
13  0.449640  0.086331  0.280576  0.183453  N
14  0.089286  0.235119  0.068452  0.607143  T
15  0.123333  0.103333  0.680000  0.093333  G
16  0.145251  0.167598  0.117318  0.569832  N
17  0.397059  0.225490  0.107843  0.269608  N
XX
DE  IRX3  Homeobox
0  0.286593  0.000158  0.180027  0.533223  W
1  0.991636  0.005706  0.000000  0.002658  A
2  0.001400  0.986546  0.000078  0.011976  C
3  0.999527  0.000000  0.000158  0.000315  A
4  0.194873  0.262859  0.001194  0.541073  Y
5  0.138324  0.086728  0.756695  0.018252  G
6  0.474385  0.160624  0.146438  0.218553  N
7  0.457670  0.062352  0.069525  0.410452  W
8  0.456330  0.037206  0.036339  0.470125  W
9  0.486561  0.033656  0.037913  0.441870  W
10  0.414236  0.072206  0.066609  0.446949  W
11  0.233170  0.144411  0.162068  0.460350  N
12  0.022535  0.772641  0.081735  0.123089  C
13  0.545611  0.001032  0.260204  0.193153  R
14  0.000000  0.000158  0.000000  0.999842  T
15  0.011277  0.000389  0.986623  0.001711  G
16  0.002502  0.000000  0.005785  0.991714  T
17  0.536255  0.181510  0.001182  0.281053  W
XX
DE  IRX2  Homeobox
0  0.191337  0.189511  0.305925  0.313228  N
1  0.386868  0.035313  0.159996  0.417823  W
2  0.906875  0.021012  0.050702  0.021411  A
3  0.037532  0.914287  0.021011  0.027170  C
4  0.920380  0.017906  0.044562  0.017152  A
5  0.080709  0.337120  0.025984  0.556187  Y
6  0.259136  0.021318  0.604633  0.114912  G
7  0.838596  0.031679  0.056336  0.073390  A
8  0.075154  0.794190  0.034352  0.096305  C
9  0.779075  0.042184  0.080100  0.098641  A
10  0.329917  0.200283  0.049634  0.420165  N
11  0.157842  0.216332  0.484480  0.141346  N
XX
DE  10_TGG_KSVMQ  Homeobox
0  0.100069  0.511421  0.134036  0.254473  N
1  0.103055  0.324410  0.139079  0.433456  N
2  0.068008  0.931992  0.000000  0.000000  C
3  1.000000  0.000000  0.000000  0.000000  A
4  0.000000  0.000000  0.000000  1.000000  T
5  0.000000  0.000000  0.000000  1.000000  T
6  0.998649  0.000000  0.000000  0.001351  A
7  0.443083  0.014162  0.431637  0.111119  R
8  0.130417  0.164408  0.265109  0.440065  N
9  0.375833  0.110063  0.401370  0.112735  N
XX
DE  pal-1  Homeobox
0  0.091486  0.000906  0.906703  0.000906  G
1  0.000767  0.307515  0.000767  0.690951  T
2  0.921012  0.077454  0.000767  0.000767  A
3  0.997699  0.000767  0.000767  0.000767  A
4  0.000767  0.000767  0.000767  0.997699  T
5  0.537577  0.000767  0.000767  0.460890  W
6  0.997508  0.000831  0.000831  0.000831  A
7  0.886062  0.111726  0.001106  0.001106  A
XX
DE  GSC2  Homeobox
0  0.229015  0.319245  0.177315  0.274425  N
1  0.088741  0.000000  0.000000  0.911259  T
2  0.827804  0.005484  0.025500  0.141212  A
3  0.948476  0.000000  0.051524  0.000000  A
4  0.062805  0.017107  0.182307  0.737781  T
5  0.141614  0.469299  0.226799  0.162288  N
6  0.177038  0.427923  0.177605  0.217434  N
7  0.156343  0.226896  0.371977  0.244783  N
XX
DE  Isl1  Homeobox
0  0.184000  0.308000  0.364000  0.144000  N
1  0.046000  0.658000  0.048000  0.248000  C
2  0.286000  0.056000  0.012000  0.646000  T
3  0.712000  0.058000  0.224000  0.006000  A
4  0.978000  0.012000  0.010000  0.000000  A
5  0.016000  0.006000  0.310000  0.668000  T
6  0.050000  0.000000  0.620000  0.330000  G
7  0.164000  0.040000  0.764000  0.032000  G
8  0.340000  0.294000  0.296000  0.070000  N
XX
DE  Isl2  Homeobox
0  0.207112  0.268610  0.252968  0.271310  N
1  0.229210  0.070431  0.130927  0.569432  N
2  0.521448  0.073450  0.236656  0.168445  N
3  0.627941  0.108034  0.128053  0.135972  A
4  0.172464  0.088251  0.270478  0.468806  N
5  0.209059  0.140136  0.302661  0.348144  N
6  0.255000  0.139947  0.428917  0.176137  N
XX
DE  18_TAG_RLTQA  Homeobox
0  0.238787  0.243792  0.274655  0.242766  N
1  0.142039  0.526021  0.142687  0.189253  N
2  0.000000  0.693866  0.004933  0.301201  C
3  0.790548  0.101668  0.000000  0.107784  A
4  0.894656  0.000930  0.104414  0.000000  A
5  0.000169  0.000169  0.000169  0.999493  T
6  0.000116  0.201079  0.000116  0.798689  T
7  0.804705  0.000095  0.000095  0.195104  A
8  0.430877  0.045035  0.397067  0.127020  R
9  0.172134  0.169320  0.398640  0.259906  N
XX
DE  271_AAC_KLQRF  Homeobox
0  0.223821  0.254950  0.297722  0.223507  N
1  0.082062  0.690982  0.083114  0.143841  C
2  0.071999  0.000000  0.927258  0.000743  G
3  0.004877  0.000790  0.000000  0.994333  T
4  0.000000  0.539669  0.026500  0.433830  Y
5  0.000000  0.000163  0.000000  0.999837  T
6  0.000743  0.148899  0.000116  0.850242  T
7  0.847362  0.086097  0.019788  0.046753  A
8  0.548588  0.092879  0.240152  0.118381  N
9  0.280518  0.274038  0.262913  0.182530  N
XX
DE  HGTX  Homeobox
0  0.361663  0.082175  0.224177  0.331984  N
1  0.000000  0.012952  0.018575  0.968473  T
2  0.841760  0.013429  0.082206  0.062605  A
3  1.000000  0.000000  0.000000  0.000000  A
4  0.000000  0.000000  0.000000  1.000000  T
5  0.043856  0.070252  0.346116  0.539777  K
6  0.641889  0.032821  0.278435  0.046856  A
7  0.183178  0.384715  0.178662  0.253446  N
XX
DE  WOX11  Homeobox
0  0.733840  0.000000  0.121673  0.144487  A
1  0.311787  0.117871  0.391635  0.178707  N
2  0.000000  0.053232  0.000000  0.946768  T
3  0.000000  0.000000  0.000000  1.000000  T
4  1.000000  0.000000  0.000000  0.000000  A
5  0.954373  0.000000  0.045627  0.000000  A
6  0.000000  0.110266  0.000000  0.889734  T
7  0.000000  0.022814  0.053232  0.923954  T
8  0.798479  0.000000  0.201521  0.000000  A
9  0.479087  0.201521  0.319392  0.000000  N
10  0.243346  0.121673  0.163498  0.471483  N
XX
DE  WOX13  Homeobox
0  0.322261  0.225913  0.225913  0.225913  N
1  0.200420  0.200711  0.195798  0.403071  N
2  0.000093  0.000093  0.000093  0.999720  T
3  0.000093  0.000093  0.999720  0.000093  G
4  0.999720  0.000093  0.000093  0.000093  A
5  0.000093  0.000093  0.000093  0.999720  T
6  0.000093  0.000093  0.000093  0.999720  T
7  0.000093  0.000093  0.999720  0.000093  G
8  0.738489  0.115540  0.121790  0.024180  A
9  0.235873  0.353573  0.143424  0.267131  N
XX
DE  Q0N4F9_NEMVE  Homeobox
0  0.195961  0.027087  0.195961  0.580992  N
1  0.042149  0.094770  0.000053  0.863029  T
2  0.902786  0.043729  0.034023  0.019462  A
3  0.990195  0.004878  0.000048  0.004878  A
4  0.000048  0.004878  0.000048  0.995025  T
5  0.015123  0.025171  0.065364  0.894343  T
6  0.726540  0.013396  0.200013  0.060051  A
7  0.055628  0.129674  0.592466  0.222233  K
XX
DE  hox12  Homeobox
0  0.038786  0.000384  0.038786  0.922043  T
1  0.000333  0.000333  0.000333  0.999001  T
2  0.580219  0.000322  0.000322  0.419137  W
3  0.966817  0.000322  0.000322  0.032539  A
4  0.000322  0.258054  0.000322  0.741302  T
5  0.000322  0.000322  0.419137  0.580219  K
6  0.832557  0.000333  0.166778  0.000333  A
7  0.000499  0.699102  0.050399  0.250000  C
XX
DE  eve  Homeobox
0  0.180596  0.278166  0.517673  0.023564  N
1  0.060026  0.614988  0.143988  0.180998  C
2  0.000000  0.000000  0.000000  1.000000  T
3  1.000000  0.000000  0.000000  0.000000  A
4  1.000000  0.000000  0.000000  0.000000  A
5  0.000000  0.130901  0.000000  0.869099  T
6  0.000000  0.035061  0.302454  0.662485  T
7  0.847534  0.000000  0.108770  0.043695  A
8  0.000000  0.429910  0.446847  0.123243  S
9  0.127601  0.371386  0.343767  0.157245  N
XX
DE  OdsH  Homeobox
0  0.163468  0.314662  0.250555  0.271315  N
1  0.061036  0.016678  0.016324  0.905962  T
2  0.847610  0.045263  0.095507  0.011620  A
3  1.000000  0.000000  0.000000  0.000000  A
4  0.000000  0.000000  0.025200  0.974800  T
5  0.023738  0.081587  0.075706  0.818969  T
6  0.349272  0.054516  0.535343  0.060869  R
7  0.324585  0.241285  0.300692  0.133438  N
XX
DE  unc-62  Homeobox
0  0.315897  0.227106  0.187807  0.269190  N
1  0.199497  0.168308  0.073391  0.558804  N
2  0.158337  0.106136  0.515286  0.220241  N
3  0.752347  0.085046  0.089407  0.073200  A
4  0.184506  0.594476  0.036513  0.184506  N
5  0.702977  0.012747  0.102036  0.182240  A
6  0.185180  0.139956  0.450936  0.223928  N
7  0.206199  0.246865  0.346832  0.200105  N
8  0.223906  0.198587  0.139942  0.437565  N
XX
DE  FGRRES_07914  Homeobox
0  0.227301  0.227301  0.227301  0.318098  N
1  0.166123  0.244123  0.423631  0.166123  N
2  0.134747  0.044275  0.215150  0.605828  T
3  0.999540  0.000153  0.000153  0.000153  A
4  0.000153  0.999540  0.000153  0.000153  C
5  0.999540  0.000153  0.000153  0.000153  A
6  0.000153  0.000153  0.000153  0.999540  T
7  0.000153  0.000153  0.999540  0.000153  G
8  0.022853  0.097620  0.022853  0.856675  T
9  0.233342  0.508125  0.084030  0.174502  N
10  0.295782  0.205878  0.292461  0.205878  N
XX
DE  225_AAC_SLQRF  Homeobox
0  0.239266  0.252902  0.266425  0.241406  N
1  0.134461  0.576396  0.134291  0.154853  N
2  0.009531  0.093670  0.896373  0.000427  G
3  0.000747  0.059139  0.000107  0.940007  T
4  0.091145  0.451707  0.025853  0.431294  Y
5  0.000000  0.000000  0.000000  1.000000  T
6  0.002845  0.235064  0.000000  0.762091  T
7  0.900818  0.072724  0.011807  0.014651  A
8  0.536564  0.119059  0.297771  0.046607  R
9  0.185001  0.263973  0.368617  0.182409  N
XX
DE  HMLALPHA2  Homeobox
0  0.322013  0.187652  0.155181  0.335154  N
1  0.194009  0.244180  0.151094  0.410717  N
2  0.313990  0.070765  0.160671  0.454574  N
3  0.677633  0.074337  0.116583  0.131447  A
4  0.112938  0.747579  0.043243  0.096240  C
5  0.546914  0.087732  0.229131  0.136223  N
6  0.200556  0.361801  0.103658  0.333985  N
7  0.304462  0.154246  0.387047  0.154246  N
XX
DE  59_ATC_TRMAF  Homeobox
0  0.262911  0.205041  0.190989  0.341059  N
1  0.225845  0.209806  0.300256  0.264093  N
2  0.157248  0.286679  0.253245  0.302827  N
3  0.140697  0.200134  0.272333  0.386836  N
4  0.118642  0.049906  0.119807  0.711645  T
5  1.000000  0.000000  0.000000  0.000000  A
6  0.999921  0.000000  0.000079  0.000000  A
7  0.999921  0.000079  0.000000  0.000000  A
8  0.000285  0.000205  0.000205  0.999305  T
9  0.000205  0.999384  0.000205  0.000205  C
XX
DE  Q7M3U4_ACRFO  Homeobox
0  0.347054  0.154178  0.249599  0.249170  N
1  0.436217  0.255427  0.154178  0.154178  N
2  0.022390  0.210682  0.419207  0.347721  N
3  0.000228  0.000228  0.000228  0.999316  T
4  0.908059  0.091485  0.000228  0.000228  A
5  0.732520  0.000228  0.000228  0.267024  A
6  0.088876  0.000228  0.000228  0.910667  T
7  0.087118  0.000228  0.095649  0.817004  T
8  0.445054  0.096050  0.275955  0.182941  N
9  0.234333  0.302119  0.276241  0.187307  N
10  0.227838  0.227838  0.227838  0.316486  N
XX
DE  SNOG_11642  Homeobox
0  0.404262  0.198579  0.198579  0.198579  N
1  0.210358  0.445165  0.227255  0.117223  N
2  0.023570  0.023570  0.023570  0.929290  T
3  0.814469  0.000159  0.092078  0.093294  A
4  0.999523  0.000159  0.000159  0.000159  A
5  0.000159  0.000159  0.000159  0.999523  T
6  0.093294  0.906388  0.000159  0.000159  C
7  0.999523  0.000159  0.000159  0.000159  A
8  0.444433  0.051580  0.051580  0.452408  W
9  0.225863  0.132936  0.132936  0.508264  N
10  0.226589  0.226589  0.226589  0.320233  N
XX
DE  Hoxb8  Homeobox
0  0.234785  0.179230  0.210329  0.375655  N
1  0.189992  0.117564  0.127355  0.565088  N
2  0.519733  0.058167  0.094002  0.328099  W
3  0.819487  0.015009  0.062096  0.103408  A
4  0.042139  0.194606  0.084013  0.679241  T
5  0.161195  0.134641  0.369671  0.334492  N
6  0.295609  0.106595  0.411183  0.186613  N
7  0.184573  0.364325  0.201955  0.249147  N
8  0.245355  0.282225  0.193003  0.279417  N
XX
DE  Hoxb9  Homeobox
0  0.234744  0.168763  0.168763  0.427731  N
1  0.142094  0.094301  0.107392  0.656214  T
2  0.105763  0.089229  0.061633  0.743375  T
3  0.354051  0.070066  0.052955  0.522927  W
4  0.740176  0.078798  0.082838  0.098188  A
5  0.045681  0.268187  0.089272  0.596861  Y
6  0.136557  0.109589  0.386348  0.367506  N
7  0.383728  0.090011  0.368681  0.157580  N
8  0.134133  0.411098  0.210362  0.244406  N
9  0.204244  0.333391  0.186665  0.275700  N
XX
DE  Six4  Homeobox
0  0.304796  0.208438  0.219125  0.267640  N
1  0.204503  0.208634  0.183200  0.403663  N
2  0.192685  0.087449  0.498226  0.221640  N
3  0.950847  0.044583  0.000055  0.004515  A
4  0.142274  0.292292  0.142274  0.423161  N
5  0.521793  0.307130  0.042405  0.128672  M
6  0.156958  0.510801  0.109506  0.222734  N
7  0.200454  0.358018  0.208634  0.232894  N
8  0.249520  0.257119  0.206343  0.287017  N
XX
DE  Hoxb3  Homeobox
0  0.187953  0.312996  0.166699  0.332351  N
1  0.123462  0.059498  0.023949  0.793091  T
2  0.836264  0.023546  0.099379  0.040811  A
3  0.958798  0.008548  0.007734  0.024920  A
4  0.020845  0.118761  0.058388  0.802005  T
5  0.122114  0.113858  0.421979  0.342049  N
6  0.445655  0.068686  0.354088  0.131571  N
7  0.186220  0.326010  0.277808  0.209962  N
8  0.215548  0.296837  0.224345  0.263271  N
XX
DE  GSX1  Homeobox
0  0.176703  0.397828  0.126357  0.299112  N
1  0.062290  0.186869  0.072391  0.678451  T
2  0.559722  0.350000  0.034722  0.055556  M
3  0.939394  0.013986  0.044289  0.002331  A
4  0.038835  0.120388  0.058252  0.782524  T
5  0.170191  0.131923  0.292044  0.405841  N
6  0.602392  0.000000  0.397608  0.000000  A
7  0.285010  0.397436  0.159763  0.157791  N
XX
DE  Hoxb6  Homeobox
0  0.154837  0.144369  0.176333  0.524462  N
1  0.423924  0.128967  0.174087  0.273022  N
2  0.477586  0.116599  0.158974  0.246841  N
3  0.139209  0.211870  0.101086  0.547835  N
4  0.172621  0.202573  0.337342  0.287464  N
5  0.266719  0.175247  0.356451  0.201582  N
6  0.239474  0.307490  0.264659  0.188377  N
XX
DE  Six1  Homeobox
0  0.289634  0.216722  0.244354  0.249290  N
1  0.166573  0.211756  0.182260  0.439411  N
2  0.165752  0.090967  0.544840  0.198441  N
3  0.929154  0.059996  0.000107  0.010743  A
4  0.054059  0.154483  0.048915  0.742543  T
5  0.658419  0.278618  0.000170  0.062793  A
6  0.069036  0.541653  0.109358  0.279954  Y
7  0.180538  0.374631  0.241276  0.203556  N
8  0.212494  0.310727  0.214630  0.262149  N
9  0.221051  0.289569  0.216674  0.272706  N
XX
DE  Six2  Homeobox
0  0.177918  0.245015  0.196630  0.380437  N
1  0.185511  0.128139  0.489368  0.196982  N
2  0.844182  0.107594  0.012408  0.035815  A
3  0.079962  0.206759  0.066790  0.646488  T
4  0.600471  0.307266  0.010998  0.081265  A
5  0.102580  0.523557  0.126551  0.247311  N
6  0.201123  0.352101  0.245653  0.201123  N
7  0.225861  0.295869  0.223613  0.254657  N
XX
DE  HOS66  Homeobox
0  0.239939  0.265173  0.237551  0.257336  N
1  0.233301  0.260428  0.224153  0.282119  N
2  0.198407  0.225952  0.235173  0.340468  N
3  0.213117  0.194775  0.376849  0.215259  N
4  0.470476  0.025630  0.288226  0.215669  N
5  0.169581  0.484603  0.097840  0.247976  N
6  0.319610  0.182564  0.248913  0.248913  N
7  0.223098  0.220878  0.275232  0.280792  N
XX
DE  Hoxc11  Homeobox
0  0.243261  0.166357  0.201167  0.389216  N
1  0.150809  0.096160  0.097127  0.655904  T
2  0.132509  0.071283  0.033671  0.762537  T
3  0.375039  0.047800  0.050251  0.526910  W
4  0.786702  0.022598  0.070658  0.120043  A
5  0.049934  0.380205  0.076762  0.493099  Y
6  0.144111  0.083145  0.473703  0.299041  N
7  0.480914  0.085258  0.283068  0.150760  N
8  0.111427  0.385049  0.255538  0.247986  N
9  0.205443  0.332012  0.201375  0.261170  N
XX
DE  Hoxc10  Homeobox
0  0.262690  0.063452  0.203046  0.470812  N
1  0.142081  0.054299  0.090498  0.713122  T
2  0.027446  0.000000  0.032220  0.940334  T
3  0.027160  0.000000  0.000000  0.972840  T
4  0.264339  0.004988  0.012469  0.718204  T
5  0.998733  0.001267  0.000000  0.000000  A
6  0.000000  0.499050  0.000000  0.500950  Y
7  0.056928  0.012889  0.846402  0.083781  G
8  0.957473  0.000000  0.035237  0.007290  A
9  0.000000  0.628891  0.133280  0.237829  C
XX
DE  Hoxc12  Homeobox
0  0.254480  0.177545  0.210444  0.357531  N
1  0.174738  0.101828  0.137454  0.585980  N
2  0.162033  0.069951  0.063295  0.704721  T
3  0.290350  0.070887  0.125347  0.513416  W
4  0.735952  0.035915  0.110075  0.118057  A
5  0.070733  0.387190  0.105522  0.436555  Y
6  0.153114  0.153114  0.372853  0.320918  N
7  0.438653  0.107094  0.315358  0.138894  N
8  0.124257  0.377040  0.235651  0.263052  N
9  0.213885  0.309649  0.220399  0.256067  N
XX
DE  264_ACT_KVYHV  Homeobox
0  0.167367  0.448719  0.190266  0.193647  N
1  0.203147  0.049693  0.328884  0.418275  N
2  0.000000  0.000000  1.000000  0.000000  G
3  0.000000  0.002551  0.003319  0.994130  T
4  0.000000  0.000000  0.000000  1.000000  T
5  0.040390  0.003808  0.000000  0.955802  T
6  0.991195  0.000000  0.000000  0.008805  A
7  0.527515  0.039132  0.263548  0.169805  N
8  0.167790  0.265274  0.288316  0.278620  N
9  0.288210  0.204746  0.315508  0.191535  N
XX
DE  HOXB8  Homeobox
0  0.171211  0.185516  0.380867  0.262405  N
1  0.000000  0.000000  0.000000  1.000000  T
2  0.844151  0.102264  0.000000  0.053585  A
3  1.000000  0.000000  0.000000  0.000000  A
4  0.000000  0.000000  0.000000  1.000000  T
5  0.000000  0.011213  0.425098  0.563689  K
6  0.427805  0.000000  0.572195  0.000000  R
7  0.142378  0.621144  0.119803  0.116674  C
XX
DE  HOXB9  Homeobox
0  0.226511  0.101966  0.670794  0.000728  G
1  0.000000  0.022812  0.000000  0.977188  T
2  0.000000  1.000000  0.000000  0.000000  C
3  0.258427  0.002408  0.739165  0.000000  G
4  0.000000  0.000000  0.000543  0.999457  T
5  0.794308  0.005175  0.001294  0.199224  A
6  1.000000  0.000000  0.000000  0.000000  A
7  0.968964  0.022094  0.000000  0.008943  A
8  0.652266  0.104462  0.071176  0.172096  A
9  0.226384  0.248643  0.141694  0.383279  N
XX
DE  SNAPOd2T00006145001  Homeobox
0  0.238693  0.332014  0.280109  0.149184  N
1  0.138086  0.319858  0.131351  0.410705  N
2  0.155193  0.032939  0.019780  0.792087  T
3  0.419179  0.066573  0.410879  0.103368  R
4  0.878199  0.004428  0.041591  0.075783  A
5  0.054227  0.090304  0.048579  0.806889  T
6  0.089351  0.085847  0.171155  0.653647  T
7  0.529917  0.085006  0.311912  0.073165  R
8  0.219952  0.305946  0.328130  0.145971  N
9  0.240429  0.257862  0.233323  0.268386  N
XX
DE  Q6Y859_MARMO  Homeobox
0  0.297188  0.211530  0.222375  0.268907  N
1  0.266240  0.205285  0.282704  0.245771  N
2  0.207843  0.319508  0.266875  0.205775  N
3  0.188780  0.144111  0.497992  0.169116  N
4  0.191514  0.110494  0.569616  0.128376  N
5  0.639418  0.138457  0.053014  0.169111  A
6  0.177960  0.090157  0.031549  0.700334  T
7  0.534635  0.147169  0.192787  0.125409  N
8  0.292784  0.206321  0.174066  0.326828  N
9  0.338382  0.163069  0.207302  0.291248  N
XX
DE  HOXB2  Homeobox
0  0.086288  0.429681  0.297539  0.186493  N
1  0.000000  0.000000  0.000000  1.000000  T
2  0.784442  0.215558  0.000000  0.000000  A
3  1.000000  0.000000  0.000000  0.000000  A
4  0.000000  0.000000  0.000000  1.000000  T
5  0.000000  0.019317  0.317997  0.662687  T
6  0.580547  0.000000  0.412038  0.007415  R
7  0.154703  0.428509  0.298564  0.118224  N
XX
DE  zfhx4  Homeobox
0  0.268350  0.290700  0.290700  0.150249  N
1  0.154974  0.385006  0.141636  0.318384  N
2  0.122643  0.028482  0.076652  0.772224  T
3  0.707222  0.111202  0.101631  0.079945  A
4  0.830706  0.066838  0.040136  0.062320  A
5  0.081072  0.074095  0.052214  0.792619  T
6  0.104874  0.048075  0.145876  0.701175  T
7  0.559054  0.044981  0.300740  0.095225  R
8  0.224447  0.255606  0.352002  0.167945  N
XX
DE  HOXB1  Homeobox
0  0.164336  0.223776  0.287213  0.324675  N
1  0.000000  0.235930  0.017518  0.746552  T
2  0.795473  0.104051  0.100477  0.000000  A
3  0.999501  0.000499  0.000000  0.000000  A
4  0.000000  0.000000  0.000000  1.000000  T
5  0.000000  0.111232  0.163043  0.725725  T
6  0.829400  0.000000  0.170600  0.000000  A
7  0.000000  0.625844  0.339923  0.034233  C
XX
DE  HOXB6  Homeobox
0  0.136464  0.248190  0.240849  0.374497  N
1  0.000000  0.102869  0.000000  0.897131  T
2  0.836418  0.087397  0.000000  0.076185  A
3  1.000000  0.000000  0.000000  0.000000  A
4  0.000000  0.059279  0.098844  0.841876  T
5  0.034563  0.079417  0.354974  0.531046  K
6  0.505168  0.000000  0.494832  0.000000  R
7  0.087701  0.617845  0.126412  0.168042  C
XX
DE  HOXB5  Homeobox
0  0.126171  0.313804  0.314928  0.245097  N
1  0.000000  0.010140  0.000000  0.989860  T
2  0.747014  0.207447  0.045539  0.000000  A
3  1.000000  0.000000  0.000000  0.000000  A
4  0.000000  0.000000  0.000000  1.000000  T
5  0.018356  0.093140  0.344279  0.544225  K
6  0.466161  0.001958  0.513523  0.018358  R
7  0.199900  0.459645  0.216142  0.124313  N
XX
DE  HOXC11  Homeobox
0  0.264257  0.188336  0.316194  0.231214  N
1  0.232805  0.104878  0.185264  0.477053  N
2  0.021201  0.001159  0.017805  0.959834  T
3  0.032019  0.000000  0.001584  0.966397  T
4  0.301516  0.001383  0.000000  0.697101  T
5  1.000000  0.000000  0.000000  0.000000  A
6  0.000000  0.774215  0.000000  0.225785  C
7  0.023952  0.000000  0.963906  0.012142  G
8  0.967446  0.002003  0.025626  0.004925  A
9  0.000000  0.559846  0.142625  0.297529  Y
10  0.140897  0.415617  0.207765  0.235720  N
XX
DE  HOXC10  Homeobox
0  0.218000  0.175000  0.438000  0.169000  N
1  0.133747  0.104966  0.196953  0.564334  N
2  0.000000  0.005753  0.035475  0.958773  T
3  0.000000  0.000000  0.000000  1.000000  T
4  0.224710  0.001544  0.001544  0.772201  T
5  1.000000  0.000000  0.000000  0.000000  A
6  0.015125  0.057829  0.037367  0.889680  T
7  0.034000  0.026500  0.439500  0.500000  K
8  0.411588  0.000000  0.588412  0.000000  R
9  0.064246  0.698324  0.106145  0.131285  C
10  0.170000  0.403000  0.239000  0.188000  N
XX
DE  HOXC12  Homeobox
0  0.204905  0.155063  0.481013  0.159019  N
1  0.126547  0.037139  0.836314  0.000000  G
2  0.000000  0.262136  0.000000  0.737864  T
3  0.722090  0.211401  0.057007  0.009501  A
4  0.864865  0.000000  0.135135  0.000000  A
5  0.000000  0.004910  0.000000  0.995090  T
6  0.827211  0.010884  0.000000  0.161905  A
7  1.000000  0.000000  0.000000  0.000000  A
8  0.990228  0.009772  0.000000  0.000000  A
9  0.676307  0.102336  0.084538  0.136819  A
10  0.233553  0.312500  0.139803  0.314145  N
XX
DE  Hoxd12_CONSTRUCT  Homeobox
0  0.265831  0.178192  0.211212  0.344765  N
1  0.193737  0.108473  0.127295  0.570495  N
2  0.162686  0.077620  0.086645  0.673050  T
3  0.297385  0.085202  0.127107  0.490305  N
4  0.677597  0.073593  0.112006  0.136804  A
5  0.076497  0.375124  0.121177  0.427202  Y
6  0.139819  0.152986  0.380067  0.327127  N
7  0.471111  0.108320  0.280085  0.140484  N
8  0.122190  0.367080  0.238789  0.271940  N
9  0.231072  0.293750  0.219803  0.255374  N
XX
DE  272_AAC_VAQRC  Homeobox
0  0.222749  0.260786  0.304700  0.211765  N
1  0.094839  0.625650  0.094723  0.184789  C
2  0.000000  0.000107  0.999248  0.000645  G
3  0.000000  0.000000  0.000054  0.999946  T
4  0.000000  0.001021  0.045014  0.953965  T
5  0.000054  0.000054  0.000027  0.999866  T
6  0.000188  0.233345  0.000000  0.766467  T
7  0.910080  0.072774  0.008734  0.008411  A
8  0.504756  0.087816  0.235342  0.172086  N
9  0.291533  0.233415  0.311605  0.163447  N
XX
DE  hbn  Homeobox
0  0.341505  0.170327  0.121382  0.366786  N
1  0.010908  0.002349  0.001007  0.985736  T
2  0.987725  0.000336  0.004372  0.007567  A
3  0.998470  0.000595  0.000765  0.000170  A
4  0.006766  0.008603  0.003341  0.981290  T
5  0.002906  0.325096  0.007638  0.664361  T
6  0.114987  0.016159  0.054095  0.814758  T
7  0.989139  0.001684  0.007241  0.001937  A
8  0.998385  0.000255  0.000510  0.000850  A
9  0.000000  0.000085  0.000085  0.999830  T
10  0.002622  0.003637  0.000169  0.993572  T
11  0.986978  0.001176  0.001428  0.010418  A
12  0.377713  0.117647  0.193071  0.311569  N
XX
DE  HOX6  Homeobox
0  0.311029  0.123951  0.165651  0.399369  N
1  0.082309  0.099532  0.029385  0.788774  T
2  0.018636  0.008629  0.958222  0.014514  G
3  0.988644  0.003409  0.000731  0.007216  A
4  0.006232  0.002690  0.028492  0.962586  T
5  0.049992  0.022917  0.054156  0.872936  T
6  0.288361  0.019771  0.641759  0.050110  G
7  0.329076  0.189860  0.374761  0.106303  N
8  0.259504  0.232473  0.232473  0.275551  N
9  0.231483  0.253283  0.218003  0.297231  N
XX
DE  Hoxa6  Homeobox
0  0.211874  0.191712  0.182362  0.414052  N
1  0.162671  0.088388  0.089276  0.659665  T
2  0.635240  0.026417  0.087707  0.250636  A
3  0.841058  0.027790  0.054853  0.076299  A
4  0.060485  0.134613  0.075370  0.729532  T
5  0.126207  0.093496  0.357066  0.423232  N
6  0.406948  0.066599  0.390992  0.135461  N
7  0.160293  0.398219  0.220744  0.220744  N
8  0.214080  0.319370  0.186112  0.280437  N
XX
DE  HDG11  Homeobox
0  0.226628  0.049073  0.504369  0.219930  N
1  0.136802  0.756371  0.025496  0.081331  C
2  0.838674  0.001211  0.025580  0.134535  A
3  0.105055  0.022977  0.039428  0.832540  T
4  0.006936  0.042806  0.028126  0.922132  T
5  0.597587  0.032554  0.054757  0.315103  W
6  0.922988  0.009185  0.010566  0.057261  A
7  0.409031  0.069671  0.026677  0.494621  W
8  0.094323  0.067136  0.256395  0.582146  K
9  0.284649  0.114578  0.391998  0.208775  N
XX
DE  CAD25866  Homeobox
0  0.125135  0.442193  0.221649  0.211022  N
1  0.531265  0.419860  0.024438  0.024438  M
2  0.024438  0.024438  0.024438  0.926687  T
3  0.184976  0.723191  0.091699  0.000134  C
4  0.000134  0.000134  0.000134  0.999598  T
5  0.000134  0.999598  0.000134  0.000134  C
6  0.999598  0.000134  0.000134  0.000134  A
7  0.999598  0.000134  0.000134  0.000134  A
8  0.213627  0.124999  0.124999  0.536375  N
9  0.225697  0.322910  0.225697  0.225697  N
10  0.322910  0.225697  0.225697  0.225697  N
XX
DE  barx1  Homeobox
0  0.216255  0.291914  0.188003  0.303827  N
1  0.122741  0.094640  0.009777  0.772842  T
2  0.761923  0.034669  0.124692  0.078716  A
3  0.882288  0.051035  0.020958  0.045719  A
4  0.105084  0.144714  0.127072  0.623131  T
5  0.137056  0.221492  0.314312  0.327140  N
6  0.245596  0.134786  0.443053  0.176565  N
7  0.197276  0.300247  0.266295  0.236182  N
8  0.162824  0.308792  0.206990  0.321394  N
XX
DE  Duxbl1  Homeobox
0  0.223466  0.251957  0.170589  0.353987  N
1  0.162369  0.063426  0.046519  0.727686  T
2  0.084013  0.047039  0.813193  0.055755  G
3  0.943171  0.002137  0.009576  0.045116  A
4  0.043708  0.043708  0.133959  0.778626  T
5  0.099044  0.078694  0.160063  0.662199  T
6  0.366340  0.059357  0.470390  0.103914  R
7  0.277032  0.240840  0.300105  0.182023  N
8  0.240077  0.244927  0.260073  0.254923  N
XX
DE  Hmx2  Homeobox
0  0.229800  0.175424  0.136621  0.458155  N
1  0.205362  0.156769  0.068359  0.569509  N
2  0.650276  0.021486  0.177221  0.151018  A
3  0.943954  0.016446  0.019107  0.020493  A
4  0.190493  0.134238  0.247057  0.428212  N
5  0.082157  0.336511  0.015312  0.566020  Y
6  0.121541  0.069425  0.671996  0.137037  G
7  0.195044  0.268600  0.302846  0.233510  N
8  0.172739  0.290552  0.171020  0.365689  N
9  0.204629  0.254983  0.219466  0.320922  N
XX
DE  243_GGT_ATKSM  Homeobox
0  0.162151  0.497555  0.153180  0.187114  N
1  0.108274  0.032961  0.238158  0.620606  T
2  0.498610  0.322077  0.117638  0.061675  M
3  0.000000  1.000000  0.000000  0.000000  C
4  0.000000  0.000000  0.000000  1.000000  T
5  0.000000  0.049568  0.000000  0.950432  T
6  0.940069  0.013877  0.003463  0.042591  A
7  0.573404  0.068450  0.268086  0.090061  R
8  0.230524  0.209368  0.344801  0.215308  N
9  0.289450  0.217188  0.279374  0.213988  N
XX
DE  ceh-24  Homeobox
0  0.254632  0.175883  0.145448  0.424037  N
1  0.142356  0.323220  0.198013  0.336411  N
2  0.548573  0.056110  0.295102  0.100215  R
3  0.843985  0.010785  0.015152  0.130078  A
4  0.093756  0.069456  0.658981  0.177806  G
5  0.242854  0.064229  0.135974  0.556942  N
6  0.319548  0.055529  0.506187  0.118736  R
7  0.129420  0.285164  0.344834  0.240582  N
8  0.215414  0.271120  0.219766  0.293701  N
XX
DE  ceh-23  Homeobox
0  0.271803  0.163217  0.084359  0.480621  N
1  0.100398  0.101407  0.033755  0.764439  T
2  0.843498  0.017246  0.067192  0.072064  A
3  0.923696  0.014417  0.007377  0.054510  A
4  0.030333  0.028566  0.032208  0.908893  T
5  0.073324  0.018447  0.099971  0.808259  T
6  0.601590  0.017986  0.323622  0.056802  A
7  0.201761  0.297997  0.346223  0.154020  N
8  0.139530  0.323202  0.194081  0.343187  N
9  0.146951  0.379972  0.174181  0.298896  N
XX
DE  ceh-22  Homeobox
0  0.214617  0.090818  0.075102  0.619463  T
1  0.069859  0.360136  0.209869  0.360136  N
2  0.722064  0.000065  0.260373  0.017498  A
3  0.991898  0.000023  0.004261  0.003818  A
4  0.000309  0.000156  0.977664  0.021871  G
5  0.127581  0.009014  0.083827  0.779578  T
6  0.331797  0.010325  0.629247  0.028632  G
7  0.038565  0.396364  0.362249  0.202823  N
8  0.184394  0.295029  0.197764  0.322813  N
9  0.196154  0.281154  0.168832  0.353860  N
XX
DE  vis  Homeobox
0  0.000000  0.000000  0.000000  1.000000  T
1  0.001531  0.000000  0.998469  0.000000  G
2  1.000000  0.000000  0.000000  0.000000  A
3  0.000000  1.000000  0.000000  0.000000  C
4  0.928795  0.008260  0.000000  0.062945  A
5  0.091399  0.245471  0.532234  0.130896  N
XX
DE  Dfd  Homeobox
0  0.146262  0.379283  0.368536  0.105919  N
1  0.153738  0.323053  0.300935  0.222274  N
2  0.030549  0.058972  0.057777  0.852703  T
3  0.801899  0.040220  0.146890  0.010992  A
4  0.949985  0.000296  0.049719  0.000000  A
5  0.000000  0.298437  0.000000  0.701563  T
6  0.000000  0.072663  0.652439  0.274898  G
7  0.595934  0.021999  0.338160  0.043906  R
8  0.099271  0.351498  0.157931  0.391299  N
9  0.202492  0.236293  0.419003  0.142212  N
XX
DE  MTAL2_KLUDE  Homeobox
0  0.000132  0.815492  0.000132  0.184245  C
1  0.455364  0.000099  0.534541  0.009996  R
2  0.000088  0.062013  0.000088  0.937810  T
3  0.026394  0.000088  0.973430  0.000088  G
4  0.000088  0.000088  0.000088  0.999737  T
5  0.910478  0.000089  0.009015  0.080418  A
6  0.639015  0.072238  0.041323  0.247424  A
7  0.394285  0.028294  0.000141  0.577280  W
XX
DE  BSX  Homeobox
0  0.187854  0.217409  0.276518  0.318219  N
1  0.000000  0.119855  0.066842  0.813303  T
2  0.775997  0.039271  0.119384  0.065347  A
3  0.805347  0.092925  0.070101  0.031627  A
4  0.000000  0.694992  0.000000  0.305008  C
5  0.000000  0.000000  1.000000  0.000000  G
6  0.467007  0.207979  0.089431  0.235583  N
7  0.056703  0.272985  0.395707  0.274605  N
XX
DE  B-H2  Homeobox
0  0.175953  0.338043  0.416689  0.069315  N
1  0.176533  0.447200  0.184000  0.192267  N
2  0.025977  0.007716  0.001800  0.964506  T
3  0.848224  0.000226  0.005202  0.146347  A
4  0.986582  0.005262  0.008156  0.000000  A
5  0.756201  0.017746  0.062109  0.163944  A
6  0.003573  0.638081  0.009359  0.348988  C
7  0.054503  0.015205  0.877193  0.053099  G
8  0.192318  0.178714  0.444919  0.184049  N
9  0.143200  0.250667  0.110400  0.495733  N
XX
DE  B-H1  Homeobox
0  0.194117  0.389290  0.347014  0.069579  N
1  0.179496  0.412542  0.268452  0.139510  N
2  0.000000  0.002460  0.000000  0.997540  T
3  0.711404  0.028321  0.052256  0.208020  A
4  0.943023  0.056977  0.000000  0.000000  A
5  0.676639  0.015971  0.072348  0.235042  A
6  0.000000  0.709005  0.000000  0.290995  C
7  0.048760  0.000000  0.951240  0.000000  G
8  0.197287  0.197992  0.303153  0.301568  N
9  0.234766  0.177880  0.191265  0.396090  N
XX
DE  HNF1B  Homeobox
0  0.043626  0.029408  0.880485  0.046481  G
1  0.015297  0.072160  0.040547  0.871996  T
2  0.140396  0.084924  0.019063  0.755617  T
3  0.985303  0.000415  0.012716  0.001566  A
4  0.941534  0.035507  0.004274  0.018685  A
5  0.057757  0.024036  0.001961  0.916246  T
6  0.210844  0.299501  0.312147  0.177508  N
7  0.947173  0.002242  0.018428  0.032157  A
8  0.038722  0.012175  0.046507  0.902596  T
9  0.002533  0.021054  0.000032  0.976381  T
10  0.770532  0.019839  0.131699  0.077930  A
11  0.888809  0.042424  0.057065  0.011701  A
12  0.053668  0.513117  0.021737  0.411477  Y
XX
DE  20_TAC_QRVSA  Homeobox
0  0.081346  0.730457  0.081406  0.106791  C
1  0.089626  0.062178  0.720370  0.127826  G
2  0.068036  0.442491  0.000161  0.489312  Y
3  0.981429  0.000602  0.017313  0.000656  A
4  0.000067  0.000067  0.000067  0.999799  T
5  0.000054  0.013190  0.000120  0.986636  T
6  0.979128  0.000736  0.009794  0.010342  A
7  0.474138  0.044968  0.388242  0.092652  R
8  0.150439  0.224141  0.171340  0.454080  N
9  0.337409  0.142748  0.349163  0.170681  N
XX
DE  CG5369  Homeobox
0  0.066626  0.017580  0.010154  0.905640  T
1  0.883545  0.010361  0.063740  0.042354  A
