coreSeq bpos A C G T
AAPR 1 0.144881723056214 0.754759191409174 0.0556110734224733 0.0447480121121385
AAPR 2 0.0180162412207705 0.0345801058511632 0.900812061038525 0.0465915918895415
AAPR 3 0.139211494165822 0.0305613746663685 0.637361017879796 0.192866113288013
AAPR 4 0.194646964601561 0.216990840033117 0.0731989196880599 0.515163275677262
AATG 1 0.23835509186232 0.082924604052356 0.61142986279544 0.0672904412898838
AATG 2 0.552898743159179 0.134710350888366 0.171810818892929 0.140580087059525
AATG 3 0.165311925126683 0.0606277626007059 0.572023325222265 0.202036987050347
AATG 4 0.341454364175777 0.0227573665904876 0.0124664366516419 0.623321832582094
ACGS 1 0.668149302424888 0.0944907453478269 0.103276674824171 0.134083277403114
ACGS 2 0.176643067918192 0.19306767682038 0.329145105923873 0.301144149337555
ACGS 3 0.022163676261664 0.0185530730349374 0.927653651746867 0.0316295989565313
ACGS 4 0.0684201052580791 0.631693110828906 0.193166100602057 0.106720683310958
AETR 1 0.240850447896754 0.0707414284928674 0.557175305325787 0.131232818284592
AETR 2 0.0820338524458366 0.558330593454553 0.159966219086499 0.199669335013111
AETR 3 0.063479140048963 0.796745733014362 0.0921127594253618 0.0476623675113128
AETR 4 0.0726834395936518 0.0340504716988277 0.0259846042814896 0.867281484426031
AFAY 1 0.541395676600924 0.250038628903192 0.146957116820881 0.0616085776750034
AFAY 2 0.127644393072708 0.304474680186088 0.304474680186088 0.263406246555116
AFAY 3 0.0175916745275689 0.0175673602995002 0.878368014975008 0.0864729501979229
AFAY 4 0.133984649713545 0.0604223474164124 0.0432394953713319 0.762353507498711
AFCS 1 0.216039310631181 0.0764959150972621 0.526999174182791 0.180465600088766
AFCS 2 0.143486948526466 0.0340178097488009 0.269337143128959 0.553158098595774
AFCS 3 0.264707271865952 0.141020426115626 0.141020426115626 0.453251875902797
AFCS 4 0.0350612906049106 0.0548695380562322 0.0178444935556639 0.892224677783193
AFLD 1 0.0176009832145948 0.0763222926153155 0.0260275634403486 0.880049160729741
AFLD 2 0.372600753686112 0.116193211604596 0.453098304451166 0.0581077302581261
AFLD 3 0.104840074884999 0.0343727137343799 0.672260439650944 0.188526771729677
AFLD 4 0.676176073921047 0.0396555853676055 0.128232426166614 0.155935914544734
AFNH 1 0.236138135975514 0.0812772384750027 0.470727916965142 0.211856708584342
AFNH 2 0.0424590628601279 0.0361929943781516 0.882146929854798 0.0392010129069227
AFNH 3 0.933199944233599 0.018663998884672 0.0256859797444163 0.022450077137313
AFNH 4 0.280202465133586 0.147941064000421 0.0818723000960555 0.489984170769938
AFNR 1 0.0261234264862939 0.845717572858939 0.111244649197588 0.0169143514571788
AFNR 2 0.716643307954763 0.0758525267668935 0.0815516058874427 0.125952559390901
AFNR 3 0.0936852694684366 0.0900445447658861 0.179557736518815 0.636712449246862
AFNR 4 0.268487442990954 0.0783542185810054 0.479318299658801 0.17384003876924
AFRS 1 0.11627932784305 0.0705190869192159 0.741753417005148 0.0714481682325863
AFRS 2 0.109976369822428 0.0424096996634314 0.79190725914003 0.0557066713741102
AFRS 3 0.920146640203863 0.0184029328040772 0.0271322235822652 0.0343182034097948
AFRS 4 0.447062717798478 0.174841666655031 0.0943464763881073 0.283749139158384
AFSD 1 0.27901785669831 0.214268417096576 0.0941636481313482 0.412550078073766
AFSD 2 0.186158081567705 0.0881834099693891 0.641615894742776 0.0840426137201306
AFSD 3 0.0196716265030146 0.0309469027661464 0.928465096392453 0.0209163743383857
AFSD 4 0.109348627209539 0.0711772176498412 0.365465725430011 0.454008429710608
AFSS 1 0.0231515664776458 0.0186291617844314 0.93145808922157 0.0267611825163531
AFSS 2 0.192495287998823 0.0391062344445625 0.613505144448752 0.154893333107863
AFSS 3 0.210932504450938 0.0773340787695391 0.170786240336369 0.540947176443154
AFSS 4 0.0829128799029862 0.0829128799029862 0.105565754600694 0.728608485593333
AFTD 1 0.213964917696707 0.152917901182114 0.383791789660369 0.24932539146081
AFTD 2 0.295420044069823 0.110219382579346 0.483648104884132 0.110712468466699
AFTD 3 0.018164966103047 0.0446078172598168 0.908248305152351 0.0289789114847848
AFTD 4 0.118822735626646 0.0603289836723095 0.299447280459095 0.521401000241949
AFVA 1 0.575824753940286 0.16335866128892 0.132150377839421 0.128666206931373
AFVA 2 0.0446890448537255 0.0368560243848166 0.882896267038641 0.0355586637228169
AFVA 3 0.784027899266386 0.0737542152779871 0.0655061004086925 0.0767117850469345
AFVA 4 0.461179468795703 0.178022038960847 0.0489327504154961 0.311865741827954
AGDR 1 0.734511488775498 0.040955572213106 0.0118054373646679 0.212727501646728
AGDR 2 0.435759697506451 0.254173435610664 0.0558934312722202 0.254173435610664
AGDR 3 0.0346159671058192 0.412692310151175 0.0790787456424483 0.473612977100557
AGDR 4 0.034203675646333 0.0217164253997987 0.0185113705677229 0.925568528386146
AGEK 1 0.181796956148213 0.0674810580694846 0.681489759949183 0.0692322258331196
AGEK 2 0.0342024692562706 0.898630254723996 0.0459586077779027 0.021208668241831
AGEK 3 0.021420583867041 0.0156904100449438 0.182916713889155 0.77997229219886
AGEK 4 0.0394597071372937 0.0622777239574469 0.017612991547162 0.880649577358097
AGNA 1 0.35497019133116 0.217650965196601 0.35497019133116 0.0724086521410785
AGNA 2 0.867560340557132 0.0775279574762367 0.0375604951554891 0.0173512068111426
AGNA 3 0.150349961554987 0.192007841311436 0.0921873879564279 0.56545480917715
AGNA 4 0.370744851735566 0.535056821470291 0.0719348561163203 0.0222634706778223
AGSS 1 0.858064481220875 0.0224060698392954 0.0171612896244175 0.102368159315412
AGSS 2 0.316868408533937 0.135374701204634 0.484787161901683 0.062969728359746
AGSS 3 0.138692876953206 0.097660349978238 0.228591114398536 0.53505565867002
AGSS 4 0.0636164027200413 0.245357221063876 0.375378329186099 0.315648047029984
AISA 1 0.258448317689283 0.353892250121975 0.100665527811377 0.286993904377365
AISA 2 0.0902068621224071 0.651957216934255 0.098908101911303 0.158927819032035
AISA 3 0.929258146966555 0.0247135411703021 0.0185851629393311 0.0274431489238122
AISA 4 0.40121043526198 0.109119362730451 0.220042163466659 0.269628038540911
AKEK 1 0.117669043021506 0.0385865874288598 0.144036949587791 0.699707419961843
AKEK 2 0.0330060086920087 0.0413698822534189 0.0181494923344034 0.907474616720169
AKEK 3 0.0372720740924744 0.455252628525063 0.206552306449518 0.300922990932944
AKEK 4 0.630424424761015 0.0997196905272106 0.100969170205905 0.168886714505869
AKNR 1 0.218370675904387 0.255569251550012 0.143776275145425 0.382283797400176
AKNR 2 0.226163016638139 0.0986090942416966 0.107477734560983 0.567750154559182
AKNR 3 0.446860293407801 0.0241003657536303 0.508757493031117 0.020281847807452
AKNR 4 0.0625518529229566 0.284004454108621 0.576376758343111 0.0770669346253109
AKQR 1 0.143460000024262 0.0755769558233066 0.477891244718258 0.303071799434173
AKQR 2 0.068387975197129 0.17428429035941 0.673137095320235 0.0841906391232254
AKQR 3 0.91943392113865 0.018388678422773 0.0278688238057231 0.0343085766328536
AKQR 4 0.0680221556232462 0.742880735578127 0.032859121981968 0.156237986816659
AKRI 1 0.387237437683832 0.243063184514292 0.126636193287583 0.243063184514292
AKRI 2 0.0185880782802328 0.0296136982615753 0.929403914011642 0.0223943094465497
AKRI 3 0.0736832902533573 0.247309436595778 0.107125311692195 0.57188196145867
AKRI 4 0.179773849507337 0.500834936591604 0.102805553158172 0.216585660742888
AKSM 1 0.2543008419143 0.0718605263888806 0.612198474766389 0.0616401569304307
AKSM 2 0.0174908405777863 0.0875761861632675 0.0203909443696307 0.874542028889316
AKSM 3 0.112819845334984 0.0357017476570127 0.828945900729476 0.0225325062785274
AKSM 4 0.539443414173583 0.292039246181588 0.0429153397438146 0.125601999901014
ALKD 1 0.0346045599399216 0.0363770643415784 0.896712736258616 0.0323056394598841
ALKD 2 0.0191023363249242 0.0422453309991481 0.018404947699528 0.9202473849764
ALKD 3 0.207343765316527 0.0632702338707277 0.679485968465246 0.049900032347499
ALKD 4 0.0891416883578736 0.0554477767833313 0.755034588144924 0.100375946713871
ALSG 1 0.731051799362951 0.107447961018284 0.084380037583955 0.0771202020348099
ALSG 2 0.161246368080519 0.621669280719108 0.0319307911424375 0.185153560057936
ALSG 3 0.908090811996788 0.0433385336519284 0.0252607833223015 0.0233098710289824
ALSG 4 0.899249838649552 0.0322289645262267 0.017984996772991 0.0505362000512302
ANSR 1 0.025592316392884 0.0323026865628663 0.923632350043382 0.0184726470008677
ANSR 2 0.063509672195928 0.0346660491485163 0.0398640828473481 0.861960195808208
ANSR 3 0.325431654853272 0.134328824449647 0.27011976034854 0.27011976034854
ANSR 4 0.216397125876935 0.393128981954271 0.106711788156548 0.283762104012246
AQNK 1 0.148605468296794 0.0786064279894996 0.637105554136359 0.135682549577347
AQNK 2 0.612598759860909 0.10308516913274 0.0578539757413227 0.226462095265028
AQNK 3 0.0581117532184776 0.0178082688406301 0.0336665359093858 0.890413442031507
AQNK 4 0.425183276305107 0.05761946388659 0.0908075635252456 0.426389696283057
AQNR 1 0.0217578159970479 0.0184887533703942 0.924437668519709 0.0353157621128487
AQNR 2 0.419641787246218 0.198255964208287 0.288438012669253 0.0936642358762424
AQNR 3 0.245598660818581 0.194787094824088 0.110779672604229 0.448834571753101
AQNR 4 0.0280317481860891 0.0239800738807761 0.0209253257324252 0.92706285220071
AQNV 1 0.352489818078399 0.240204308133665 0.23056859458715 0.176737279200786
AQNV 2 0.645952311730641 0.162391255044421 0.0967336332464142 0.0949227999785242
AQNV 3 0.0626706700885263 0.115762952051728 0.0919665982263036 0.729599779633442
AQNV 4 0.0289460959418327 0.0393407490503434 0.0182688853923103 0.913444269615514
ARNR 1 0.0699413084869418 0.0138539318453472 0.223508167400349 0.692696592267362
ARNR 2 0.0602925895879567 0.13105691602757 0.0569307815786762 0.751719712805797
ARNR 3 0.0164857562738708 0.0849390405052481 0.344127932616063 0.554447270604818
ARNR 4 0.0271424258607445 0.922496203897994 0.0266679528250041 0.0236934174162574
ARSR 1 0.0240323567437359 0.0660078313281515 0.739659087081659 0.170300724846454
ARSR 2 0.337204031596702 0.162769340679877 0.104145540400668 0.395881087322754
ARSR 3 0.0233560006874311 0.863444027550805 0.0172688805510161 0.0959310912107475
ARSR 4 0.880110831232925 0.0690225803830158 0.0193293880064641 0.031537200377595
ARTR 1 0.85256573489999 0.0371883487667573 0.0647144792538495 0.0455314370794037
ARTR 2 0.302756472995331 0.0602450423244097 0.1685038904133 0.46849459426696
ARTR 3 0.0374610613578899 0.0417529744296662 0.0417529744296662 0.879032989782778
ARTR 4 0.911656896827703 0.0332765382478713 0.0182331379365541 0.0368334269878717
ASAR 1 0.0196092034006767 0.0187711777559652 0.938558887798258 0.0230607310450999
ASAR 2 0.0277987397050556 0.0332115919929081 0.0463265315799535 0.892663136722083
ASAR 3 0.64648915464415 0.0639911195352351 0.119274203386667 0.170245522433948
ASAR 4 0.114793183026448 0.102900995372077 0.0406878267826187 0.741617994818855
ASAV 1 0.562763362044911 0.177561377990533 0.206392284090951 0.0532829758736052
ASAV 2 0.324241400854998 0.154623217051308 0.0936392168635842 0.42749616523011
ASAV 3 0.0185833782958607 0.0277573415384875 0.929168914793034 0.0244903653726178
ASAV 4 0.0870349896753806 0.715359716039873 0.106093778836105 0.0915115154486421
ASER 1 0.206726789226705 0.114191626322552 0.0799790702610824 0.599102514189661
ASER 2 0.176431186606846 0.51350900080911 0.026408002612984 0.283651809971061
ASER 3 0.030294714347158 0.0168216578029733 0.111800737701202 0.841082890148666
ASER 4 0.201884750895512 0.676386767021698 0.0318193055141499 0.0899091765686406
ASGR 1 0.143265976244663 0.232401608733162 0.143265976244663 0.481066438777513
ASGR 2 0.326317790550238 0.153257863047833 0.436212953828368 0.0842113925735622
ASGR 3 0.0255474195817614 0.831846546975489 0.0610268977286851 0.0815791357140642
ASGR 4 0.0294114828609114 0.0456406784909474 0.0181362321303557 0.906811606517785
ASNA 1 0.749578173020415 0.161433467482127 0.0539006355875085 0.0350877239099496
ASNA 2 0.794744378401294 0.0477162507332337 0.106667069645044 0.0508723012204286
ASNA 3 0.0404127298707192 0.0884167256718446 0.294414046464444 0.576756497992993
ASNA 4 0.45443605520095 0.0677467982651451 0.0747948943096021 0.403022252224303
ASNI 1 0.237689252848574 0.578999629909243 0.0766496379498433 0.10666147929234
ASNI 2 0.899747064669587 0.0196706175536355 0.0179949412933917 0.0625873764833853
ASNI 3 0.0616293260131902 0.278761561543167 0.0888390619038463 0.570770050539797
ASNI 4 0.266296264513034 0.380217977111523 0.130626090576562 0.222859667798881
ASNK 1 0.897630752927009 0.0450275837333708 0.0393890482810798 0.0179526150585402
ASNK 2 0.148178078264893 0.404225692655186 0.25716238804825 0.190433841031671
ASNK 3 0.0525855761094192 0.257599814219894 0.391332094194113 0.298482515476574
ASNK 4 0.0683731517027446 0.171555552292926 0.364153866292827 0.395917429711502
ASNL 1 0.285801644048928 0.329780838518042 0.258578823211607 0.125838694221423
ASNL 2 0.859299008629604 0.0350564429747598 0.0733488748903999 0.0322956735052368
ASNL 3 0.0174346146379394 0.0743560999627953 0.0364785535022972 0.871730731896968
ASNL 4 0.875260462245208 0.0420736624032159 0.054747826806482 0.027918048545094
ASNQ 1 0.713721743287531 0.115414041482872 0.132411197820763 0.0384530174088339
ASNQ 2 0.749297672291351 0.0427232128843158 0.163155806303695 0.0448233085206377
ASNQ 3 0.0184698500623853 0.0260392715141054 0.0319983753042433 0.923492503119266
ASNQ 4 0.690647101532376 0.0945222687327225 0.108085314476428 0.106745315258474
ASNR 1 0.173951727366045 0.335970183115693 0.387508188698918 0.102569900819344
ASNR 2 0.900147503352934 0.0194207429345474 0.0425262692097597 0.0379054845027591
ASNR 3 0.114783429169689 0.047471722483003 0.0376620707172457 0.800082777630062
ASNR 4 0.49004402519877 0.0526268699090135 0.0595817749843704 0.397747329907846
ASNT 1 0.475608105411262 0.26668687776666 0.140310943072425 0.117394073749654
ASNT 2 0.887676614658119 0.034730357628791 0.0428623807859596 0.0347306469271307
ASNT 3 0.0203097134724727 0.0263763595241794 0.0188144838201761 0.934499443183172
ASNT 4 0.831822195970645 0.0442156910480552 0.0676088026252637 0.0563533103560357
ASRE 1 0.247470908151408 0.0634157548256773 0.180275718976986 0.508837618045929
ASRE 2 0.195744281057879 0.0691029108760116 0.554474812726984 0.180677995339125
ASRE 3 0.307819630708926 0.140800666723276 0.398837900035524 0.152541802532274
ASRE 4 0.0256785627351141 0.931979738839918 0.0186395947767984 0.02370210364817
ASSA 1 0.0525551861237233 0.023538946243291 0.018115801326137 0.905790066306849
ASSA 2 0.13293264177237 0.387915174737416 0.207694758881912 0.271457424608302
ASSA 3 0.0979545380572467 0.415442063621107 0.243301699160823 0.243301699160823
ASSA 4 0.396832078252509 0.148682323999781 0.0576535194952 0.396832078252509
ASSN 1 0.810848020206691 0.052620328669781 0.0595693866251319 0.0769622644983965
ASSN 2 0.0551499623469481 0.62127657866027 0.0938527517722927 0.229720707220489
ASSN 3 0.0856715945365862 0.029396935155919 0.206966571633876 0.677964898673619
ASSN 4 0.922513604892689 0.0200816980291488 0.0237188116850486 0.033685885393114
ASSR 1 0.135837168192512 0.0451712400245297 0.79011820527551 0.0288733865074488
ASSR 2 0.0475405229548918 0.197480218061447 0.0389629705824252 0.716016288401236
ASSR 3 0.277932740349471 0.0751389959576932 0.38845307476281 0.258475188930027
ASSR 4 0.129484585112244 0.54390070112564 0.0279267640958053 0.298687949666311
ASSY 1 0.205857837694451 0.241862043418369 0.379357212618427 0.172922906268753
ASSY 2 0.057202523149457 0.155653222012537 0.371037505195109 0.416106749642898
ASSY 3 0.214151834326878 0.0761482843327882 0.0631352567473729 0.646564624592961
ASSY 4 0.576595421824438 0.0749882744378129 0.10787291741604 0.24054338632171
ASTR 1 0.0180735386482134 0.0414411148421839 0.903676932410671 0.0368084140989314
ASTR 2 0.02062391509696 0.0261420266275369 0.0373070758127628 0.91592698246274
ASTR 3 0.513245614457261 0.044028983110768 0.0378162307380728 0.404909171693898
ASTR 4 0.0288464949433307 0.0288464949433307 0.0463478221594785 0.89595918795386
ASTS 1 0.56532268728018 0.39412208558075 0.0113064537456036 0.0292487733934658
ASTS 2 0.0359080839530306 0.769180391658093 0.0854473003009264 0.10946422408795
ASTS 3 0.053641675484229 0.343800939522788 0.38912911168099 0.213428273311993
ASTS 4 0.484430617432299 0.324745664689437 0.0667794514731985 0.124044266405066
ASTT 1 0.605037182644127 0.226519507594581 0.0847354946249422 0.0837078151363501
ASTT 2 0.218222256875389 0.470031422449571 0.199268339846216 0.112477980828824
ASTT 3 0.0437516516149163 0.0457126669597089 0.284214379800877 0.626321301624498
ASTT 4 0.51322472548327 0.303971738414289 0.0177144962044429 0.165089039897999
ATRS 1 0.229667809442916 0.0453725473474422 0.258876615711403 0.466083027498239
ATRS 2 0.160306477440734 0.234265564715617 0.118072842652001 0.487355115191649
ATRS 3 0.108519760735887 0.192148728625317 0.376405050414667 0.322926460224129
ATRS 4 0.354534193393731 0.490999979145462 0.0941325890481292 0.0603332384126779
ATSR 1 0.0292441872842935 0.0181993431752772 0.90996715876386 0.0425893107765691
ATSR 2 0.0823952215629504 0.07256453089012 0.0971325531162698 0.74790769443066
ATSR 3 0.517750859524406 0.120480883832954 0.112010300904826 0.249757955737815
ATSR 4 0.089472250095663 0.100230408496733 0.0674770182775332 0.742820323130071
AYGY 1 0.164767476271489 0.296289902228879 0.154367288737814 0.384575332761818
AYGY 2 0.222725890992059 0.427496770258462 0.141109993092577 0.208667345656902
AYGY 3 0.0745637073067267 0.334040190494275 0.334040190494275 0.257355911704723
AYGY 4 0.0398518124432325 0.911220585581599 0.0307031902635366 0.018224411711632
AYNR 1 0.199014726036899 0.0220401785743005 0.0152734332429177 0.763671662145883
AYNR 2 0.0678890002558581 0.159752836630589 0.0796308204629147 0.692727342650638
AYNR 3 0.19861657740387 0.305276814255414 0.172224659125672 0.323881949215045
AYNR 4 0.0938752189018113 0.750116601834395 0.0398934685258884 0.116114710737905
AYRE 1 0.0431419323946887 0.133370834170733 0.801288214143008 0.0221990192915703
AYRE 2 0.0185405003396203 0.0358939823397467 0.927025016981013 0.0185405003396203
AYRE 3 0.0268095461886038 0.0355833382509269 0.880567656316049 0.0570394592444207
AYRE 4 0.279250657948169 0.0745064404391984 0.594125401255364 0.0521175003572684
CADT 1 0.254421089943594 0.114676318680972 0.305785957043558 0.325116634331876
CADT 2 0.019864531411592 0.925484858760563 0.0361409126526338 0.0185096971752113
CADT 3 0.0327215794639581 0.896185590915533 0.0438677912787824 0.0272250383417265
CADT 4 0.218488082443749 0.205497290318508 0.0606338213384565 0.515380805899287
CADV 1 0.170678193265355 0.273299102759378 0.422939904650992 0.133082799324275
CADV 2 0.104739881036903 0.289294491408711 0.147206831848004 0.458758795706382
CADV 3 0.0145024573146224 0.221168132487548 0.0392065444667092 0.72512286573112
CADV 4 0.268629644666773 0.44785385334026 0.0938699334578937 0.189646568535073
CGNT 1 0.28087191177912 0.423653647796035 0.229048805400773 0.066425635024073
CGNT 2 0.439006333422948 0.39212817752683 0.0946374252423975 0.0742280638078244
CGNT 3 0.0344285544240625 0.0424303823483934 0.28723597641174 0.635905086815804
CGNT 4 0.560950641946462 0.113195089635423 0.159284860641128 0.166569407776987
CGNV 1 0.224576918986778 0.193205792852522 0.503883233448299 0.0783340547124009
CGNV 2 0.729285318707747 0.0309492947138496 0.119882693289202 0.119882693289202
CGNV 3 0.0483943243096172 0.0245594842917605 0.0181773763019338 0.908868815096689
CGNV 4 0.628670056508366 0.162299447258101 0.0889072419349437 0.12012325429859
CGTI 1 0.0236607195667486 0.0182114862911237 0.910574314556187 0.0475534795859404
CGTI 2 0.208965652845701 0.123796695100462 0.208965652845701 0.458271999208136
CGTI 3 0.031728591130756 0.0755114896864375 0.0963062620231067 0.7964536571597
CGTI 4 0.0732313657323757 0.397927357173916 0.128702024914642 0.400139252179066
CHHR 1 0.033253336564254 0.020621163276382 0.927574019764082 0.0185514803952816
CHHR 2 0.0817203155681811 0.0737542981682669 0.659244375443624 0.185281010819928
CHHR 3 0.140494773245853 0.0598004687949049 0.190362154432211 0.609342603527031
CHHR 4 0.154780951072491 0.186172014176403 0.176736661607176 0.482310373143931
CIYK 1 0.145165677194796 0.0589152049354332 0.703439627330513 0.0924794905392586
CIYK 2 0.0340380228296174 0.0534296539186522 0.894639532599736 0.0178927906519947
CIYK 3 0.696925264425214 0.101190630676847 0.0318838915854552 0.170000213312483
CIYK 4 0.604774952174905 0.175022868363522 0.0634605185268144 0.156741660934758
CKAF 1 0.238395694983948 0.198703778098314 0.151205470104371 0.411695056813367
CKAF 2 0.113115770176655 0.0263502827160167 0.0219629284695192 0.838571018637809
CKAF 3 0.506281941165464 0.0442819221585066 0.0433708983226029 0.406065238353427
CKAF 4 0.925222228209921 0.0185044445641984 0.0243172620936203 0.0319560651322602
CKQV 1 0.0586562333228066 0.0220583046316424 0.0318175464380798 0.887467915607471
CKQV 2 0.646889382690539 0.0820635469866698 0.210678887106148 0.0603681832166431
CKQV 3 0.0154075316819295 0.150938162540517 0.0632777216810793 0.770376584096474
CKQV 4 0.651742721522891 0.219856085707601 0.0346614226830977 0.0937397700864099
CKSA 1 0.339826845520079 0.0853120865042021 0.105575663037929 0.46928540493779
CKSA 2 0.0888017835241377 0.580719328297925 0.231692276739132 0.0987866114388049
CKSA 3 0.0334607540221289 0.735462268786607 0.0470152185079075 0.184061758683357
CKSA 4 0.662261691300727 0.153610504286082 0.0132452338260145 0.170882570587177
CNNR 1 0.0353663091616225 0.0557368911569966 0.812689490465886 0.0962073092154948
CNNR 2 0.904194341725803 0.0180838868345161 0.0374437559166699 0.0402780155230113
CNNR 3 0.320662312798687 0.03612316788639 0.0897210974228568 0.553493421892066
CNNR 4 0.202847839917167 0.117518074937579 0.460012000379713 0.219622084765542
CNSY 1 0.46197844993798 0.0714084040016362 0.195629297778703 0.270983848281681
CNSY 2 0.0310290999972841 0.832631412605973 0.0538281611215441 0.0825113262751987
CNSY 3 0.0980262028696155 0.152900006053726 0.530871423525773 0.218202367550885
CNSY 4 0.104995318644179 0.811461514208601 0.016229230284172 0.0673139368630479
CQNR 1 0.0535531998786157 0.0160896140742888 0.80448070371444 0.125876482332656
CQNR 2 0.570690367103892 0.369115930336928 0.031295538151427 0.028898164407753
CQNR 3 0.0434548313770878 0.141852175115109 0.440000768951527 0.374692224556277
CQNR 4 0.0384692754203 0.485411184714047 0.0661886993744845 0.409930840491169
CSAL 1 0.260832023054327 0.500637006393529 0.176385872591387 0.0621450979607572
CSAL 2 0.452621547660618 0.306397512041555 0.128335361139893 0.112645579157934
CSAL 3 0.0184984205889202 0.0355055863087659 0.0210749636563035 0.92492102944601
CSAL 4 0.100374968354156 0.0595793999070509 0.130283779391895 0.709761852346898
CSAR 1 0.0339101178953999 0.0342072281775537 0.909371730741605 0.0225109231854417
CSAR 2 0.121991650035158 0.281700790771455 0.0957047809814861 0.500602778211901
CSAR 3 0.36916651719091 0.257921917135608 0.195727281792675 0.177184283880807
CSAR 4 0.18189217758962 0.298254002089908 0.145218562843491 0.374635257476981
CSAT 1 0.0602861069453289 0.740122133914876 0.159230670508011 0.0403610886317847
CSAT 2 0.177844596561971 0.19760599393307 0.265640436011809 0.35890897349315
CSAT 3 0.0221258703619354 0.0181039611331539 0.0545721118472133 0.905198056657697
CSAT 4 0.0712380392610325 0.304215107298493 0.0390241461234268 0.585522707317048
CSAV 1 0.167029057839149 0.0378671363775287 0.0602583725785821 0.73484543320474
CSAV 2 0.281243032124373 0.0983695172809232 0.0663784587426795 0.554008991852024
CSAV 3 0.0786377400244956 0.375302605418724 0.15036341250349 0.39569624205329
CSAV 4 0.470733009143124 0.252818354993809 0.0432609588280271 0.23318767703504
CSAY 1 0.102543807026704 0.613169428251047 0.250752596031844 0.0335341686904052
CSAY 2 0.0733266627607626 0.0295468531902555 0.0807958837048476 0.816330600344134
CSAY 3 0.0374599932985655 0.422998483636216 0.0105792455502984 0.52896227751492
CSAY 4 0.357788054333966 0.582066991749504 0.0382635172330433 0.0218814366834858
CSDR 1 0.457255043759247 0.121899243853161 0.152425831286867 0.268419881100725
CSDR 2 0.0496188940550523 0.835747218339948 0.0509434818816851 0.063690405723315
CSDR 3 0.068611239452501 0.790203614273146 0.0550189804097462 0.0861661658646068
CSDR 4 0.165251041844043 0.060571811536861 0.0373856513991281 0.736791495219968
CSDV 1 0.308312246289896 0.101894303020324 0.480093603003045 0.109699847686735
CSDV 2 0.137468778347358 0.242938769324892 0.137468778347358 0.482123673980392
CSDV 3 0.0183549095690974 0.917745478454872 0.0307712023409425 0.0331284096350882
CSDV 4 0.830492500366371 0.0675195413812809 0.0409313981860811 0.061056560066267
CSFA 1 0.848855238046076 0.0187215021153718 0.115446155077631 0.0169771047609215
CSFA 2 0.089358249317264 0.0489915458452957 0.174697506816861 0.68695269802058
CSFA 3 0.153745843130855 0.0291568364946389 0.370741423041111 0.446355897333395
CSFA 4 0.129615829330222 0.344666839919457 0.106588250622227 0.419129080128094
CSGD 1 0.160885415907268 0.0809767788197637 0.731189892411867 0.0269479128611005
CSGD 2 0.108533072099917 0.0588976081379102 0.0665565267295844 0.766012793032588
CSGD 3 0.0466712277768874 0.0175511805493075 0.0582185642084325 0.877559027465373
CSGD 4 0.0353656595794787 0.019191871372933 0.902915155001943 0.0425273140456448
CSGQ 1 0.752265702809985 0.163439900940513 0.0692490821933022 0.0150453140561997
CSGQ 2 0.01930756122407 0.0727515107267807 0.539564307521487 0.368376620527662
CSGQ 3 0.0621459976579832 0.146674970861624 0.177513831770316 0.613665199710077
CSGQ 4 0.57483274674678 0.0225928557880786 0.364767254785637 0.0378071426795038
CSGR 1 0.018616724679993 0.0186370787003403 0.930836233999651 0.0319099626200154
CSGR 2 0.166897371154097 0.679232019762182 0.0844531206382427 0.0694174884454784
CSGR 3 0.157832133115615 0.660084888224437 0.0830753715490152 0.0990076071109324
CSGR 4 0.263950935826209 0.055148493216078 0.0462951092856489 0.634605461672064
CSGS 1 0.597553308963767 0.0552356351164041 0.0465962395194933 0.300614816400335
CSGS 2 0.0358391489437254 0.0108963728000539 0.544818640002695 0.408445838253525
CSGS 3 0.075059843190551 0.0786621293640408 0.0342667904131288 0.812011237032279
CSGS 4 0.315934131528667 0.299029938906105 0.0105251689156889 0.374510760649539
CSGY 1 0.0881361377569195 0.0348526425909555 0.0355898263511272 0.841421393300998
CSGY 2 0.146817061597269 0.0970373007859973 0.320380788638709 0.435764848978025
CSGY 3 0.0473581866390023 0.0599093837585232 0.0353857030656186 0.857346726536856
CSGY 4 0.733327394007121 0.11760659424074 0.0574368457252365 0.0916291660269021
CSHN 1 0.318370731640813 0.491706933907228 0.0675652958201208 0.122357038631838
CSHN 2 0.938425724696856 0.0204731509836345 0.0187685144939371 0.0223326098255721
CSHN 3 0.024757626622184 0.0480392739938811 0.846270047195523 0.0809330521884123
CSHN 4 0.0794792503956174 0.380049981768894 0.0471763436981808 0.493294424137308
CSHR 1 0.0420878295821519 0.126990509456058 0.774733312926315 0.0561883480354751
CSHR 2 0.0774402933044377 0.0282251915297899 0.785922679716247 0.108411835449525
CSHR 3 0.225506511425061 0.046915100784612 0.174504440942359 0.553073946847968
CSHR 4 0.0382910836155635 0.0183595795668397 0.0253703584756118 0.917978978341985
CSKR 1 0.180777155533728 0.436997677635234 0.189444988822468 0.19278017800857
CSKR 2 0.115583493226627 0.318357351344534 0.266152121443201 0.299907033985638
CSKR 3 0.838671106144452 0.016773422122889 0.120298012132842 0.0242574595998171
CSKR 4 0.0795696158353489 0.0228674790780277 0.822090969854591 0.075471935232032
CSLM 1 0.47840461638253 0.100643686358781 0.191229493968789 0.2297222032899
CSLM 2 0.0326647660866534 0.0620654407686378 0.167199058788324 0.738070734356384
CSLM 3 0.0284665241408077 0.0536567143326543 0.0179975835593439 0.899879177967194
CSLM 4 0.512502603521894 0.170532631146542 0.269729058088366 0.0472357072431979
CSNA 1 0.565714646917331 0.254982172065965 0.114927286626243 0.0643758943904603
CSNA 2 0.923849229815982 0.0184769845963196 0.032986071552595 0.024687714035103
CSNA 3 0.0361504991618364 0.0320873813610056 0.0330783054663992 0.898683814010759
CSNA 4 0.243437620984973 0.375977752206247 0.11885673983149 0.261727886977291
CSNI 1 0.737139911980829 0.10178153615656 0.0886524421822189 0.0724261096803928
CSNI 2 0.68590404030149 0.085773303734959 0.161050544771131 0.0672721111924204
CSNI 3 0.0982719456756228 0.0808208047844665 0.351949028627723 0.468958220912187
CSNI 4 0.092194625438838 0.0789657183464749 0.11046594968845 0.718373706526237
CSNK 1 0.309917635909737 0.109298998020038 0.483886082894635 0.0968972831755905
CSNK 2 0.827726466723231 0.0781923065699651 0.0351752250903454 0.0589060016164587
CSNK 3 0.047160019032712 0.751853025947176 0.0713379939922062 0.129648961027905
CSNK 4 0.060457111294387 0.117164265662559 0.0484276523991353 0.773950970643919
CSNQ 1 0.858687800605394 0.0600092170188132 0.064129226363685 0.0171737560121079
CSNQ 2 0.258942376749808 0.399923908439476 0.288666546746329 0.0524671680643859
CSNQ 3 0.246588170103328 0.0865345209953617 0.0560290546708068 0.610848254230503
CSNQ 4 0.0770179842025499 0.479553253114774 0.338685504901319 0.104743257781358
CSNR 1 0.0566962125187739 0.028973471573204 0.861676302705138 0.0526540132028837
CSNR 2 0.837139698026527 0.063115754938809 0.0549929166570406 0.0447516303776231
CSNR 3 0.117341939604947 0.555936497744894 0.0884053144112726 0.238316248238886
CSNR 4 0.0752834016613078 0.0776803940172834 0.0634590056874397 0.783577198633969
CSNS 1 0.430899269995199 0.114025459472497 0.115161214596531 0.339914055935773
CSNS 2 0.749927163615642 0.0247008929079731 0.200787839311567 0.0245841041648182
CSNS 3 0.128057585178408 0.18298900609159 0.0865991720483932 0.602354236681609
CSNS 4 0.342809305592777 0.248117487548702 0.0374775103270033 0.371595696531518
CSNT 1 0.470276581760629 0.320570582585849 0.108244941769442 0.100907893884079
CSNT 2 0.763069483554427 0.120676333653345 0.0559955364496513 0.0602586463425767
CSNT 3 0.15725299172931 0.10945623223254 0.271039878194029 0.462250897844122
CSNT 4 0.258452611780064 0.0826584514763306 0.083901601160369 0.574987335583236
CSNV 1 0.530400761637116 0.209195287985457 0.163864333764589 0.0965396166128378
CSNV 2 0.890114923283597 0.0297110411772886 0.0523145726574542 0.0278594628816601
CSNV 3 0.126041477256293 0.0828505068192203 0.0849394713134955 0.706168544610991
CSNV 4 0.123150115983348 0.1850817379332 0.0879597391219388 0.603808406961513
CSQK 1 0.118279809661108 0.0359611393597516 0.140209866305594 0.705549184673547
CSQK 2 0.0585013917220809 0.775026835414204 0.100670696802907 0.0658010760608088
CSQK 3 0.0238546131262828 0.924142184237912 0.0335203589510466 0.0184828436847582
CSQK 4 0.0513152207323221 0.0489513296403335 0.105237669323724 0.79449578030362
CSQQ 1 0.914203895703928 0.0387970389801139 0.0182840779140786 0.0287149874018795
CSQQ 2 0.0371237372034113 0.752576339748761 0.16714834671137 0.0431515763364582
CSQQ 3 0.470604201060996 0.142332962158842 0.129267001142097 0.257795835638066
CSQQ 4 0.87379496221688 0.0236118906661107 0.0348997619515692 0.0676933851654401
CSQS 1 0.0993111811374011 0.315550140907484 0.0439254349786616 0.541213242976454
CSQS 2 0.0554091344375645 0.0915457334041527 0.538864441530806 0.314180690627477
CSQS 3 0.292143608953185 0.14600040240737 0.231836748691421 0.330019239948023
CSQS 4 0.0247999516894574 0.0459432475970343 0.0182207215826178 0.91103607913089
CSRL 1 0.120359321098903 0.319496893404503 0.399170194732007 0.160973590764587
CSRL 2 0.0280206265658609 0.0322222082264109 0.0184266110825045 0.921330554125224
CSRL 3 0.088864456662751 0.628367461984455 0.0772770673452518 0.205491014007542
CSRL 4 0.271842252111608 0.20861654780981 0.29583012587197 0.223711074206612
CSRR 1 0.139843106950961 0.303298237518157 0.263723805250352 0.29313485028053
CSRR 2 0.0200985306447397 0.904095645283713 0.0379029120357735 0.0379029120357735
CSRR 3 0.018557745855265 0.018557745855265 0.0349972155262228 0.927887292763247
CSRR 4 0.028178582169609 0.896145958189078 0.0166083762111478 0.0590670834301651
CSSG 1 0.0615025575909046 0.0473879811043023 0.0246259176180641 0.866483543686729
CSSG 2 0.12190470667151 0.109013035470529 0.0612720881493454 0.707810169708615
CSSG 3 0.0188975451923702 0.0499274107531815 0.912916709857302 0.0182583341971461
CSSG 4 0.142092097531525 0.336295287024211 0.252644482167182 0.268968133277082
CSSK 1 0.437829678798816 0.0590324275660603 0.136348201315052 0.366789692320072
CSSK 2 0.031100682227709 0.899851175101842 0.0420263969463125 0.0270217457241361
CSSK 3 0.096606492692604 0.703947960902309 0.0859906977544366 0.11345484865065
CSSK 4 0.246919958282843 0.106825467788412 0.054047946888764 0.592206627039982
CSSN 1 0.915519319857853 0.0183103863971571 0.0184541770082275 0.0477161167367621
CSSN 2 0.0362604606484535 0.659179047350368 0.0885104503501547 0.216050041651023
CSSN 3 0.0248391418603562 0.342024888665061 0.38838598968689 0.244749979787693
CSSN 4 0.154666570931285 0.050692821465542 0.0573701559141701 0.737270451689002
CSSQ 1 0.0264659798707804 0.049911077059259 0.779948871537748 0.143674071532213
CSSQ 2 0.400070122219577 0.0230328680556408 0.0826180298179304 0.494278979906852
CSSQ 3 0.0361467279660714 0.920176821604204 0.0184035364320841 0.0252729139976403
CSSQ 4 0.0691398330081444 0.786763819043015 0.0691398330081444 0.0749565149406961
CSSR 1 0.0413572225347432 0.0300144107050517 0.891551926307601 0.0370764404526046
CSSR 2 0.0811066321983335 0.308900825555727 0.0697975350136513 0.540195007232288
CSSR 3 0.269730912849219 0.234535065250621 0.228877370591981 0.266856651308179
CSSR 4 0.163578295116626 0.19019217438253 0.0833235918152319 0.562905938685611
CSSV 1 0.168526612677845 0.0890623179265854 0.648090932301436 0.0943201370941331
CSSV 2 0.0312232286145431 0.834131621042395 0.0166826324208479 0.117962517922214
CSSV 3 0.179289746915886 0.133506868124503 0.0766233571869943 0.610580027772617
CSSV 4 0.128072916750058 0.310199389493439 0.0636617883581825 0.498065905398321
CSTI 1 0.273189718618874 0.330629077971326 0.0956410566302985 0.300540146779502
CSTI 2 0.0267722292256228 0.91390606038861 0.0201080379540238 0.0392136724317439
CSTI 3 0.0185622460996175 0.928112304980873 0.0204206080504776 0.0329048408690319
CSTI 4 0.0179741627616051 0.0615678307260527 0.0217532494389769 0.898704757073365
CSTK 1 0.223414562163981 0.104149236670625 0.301895717356018 0.370540483809376
CSTK 2 0.0930285381367685 0.609515616725123 0.245800891267131 0.0516549538709779
CSTK 3 0.211393558860959 0.709160883737311 0.0335398872224598 0.0459056701792704
CSTK 4 0.229273551954004 0.139921075782455 0.159219095051766 0.471586277211774
CSTQ 1 0.886961026380329 0.028927447858475 0.0369398857266511 0.0471716400345446
CSTQ 2 0.162790804960691 0.0971278501605427 0.537825975148224 0.202255369730543
CSTQ 3 0.0177309512336185 0.0485720647732432 0.0471494223122106 0.886547561680928
CSTQ 4 0.115414493545634 0.0384083508897992 0.0300773959052364 0.81609975965933
CSTR 1 0.264286929694706 0.0849257179219059 0.399789106637363 0.250998245746025
CSTR 2 0.0432126725234816 0.835738858723897 0.0548986244512784 0.0661498443013432
CSTR 3 0.127019629670866 0.560741436633208 0.0899917368726668 0.222247196823259
CSTR 4 0.235179265300778 0.0475079377888788 0.0305315749878935 0.68678122192245
CSTS 1 0.0328563792951809 0.0408034607145558 0.0207111381980329 0.90562902179223
CSTS 2 0.0863767456316283 0.0483030344894668 0.0711632919321288 0.794156927946776
CSTS 3 0.0852704407378143 0.420801311154952 0.325935908471394 0.167992339635839
CSTS 4 0.018803577145094 0.0195162138075405 0.021501351792664 0.940178857254702
CSTV 1 0.56581290486017 0.214276972373586 0.155522884612861 0.0643872381533827
CSTV 2 0.172898283879629 0.490737057159586 0.111947931223748 0.224416727737037
CSTV 3 0.0315362118140163 0.767396650837662 0.116180430860358 0.0848867064879633
CSTV 4 0.029521209545603 0.0175228478286364 0.0768135511939422 0.876142391431819
CSVI 1 0.451366317825955 0.327730840640371 0.11310466042851 0.107798181105163
CSVI 2 0.138564335872946 0.23947746712832 0.414278588803925 0.20767960819481
CSVI 3 0.0505399054615721 0.0701574865924627 0.109356899879758 0.769945708066208
CSVI 4 0.103751708093388 0.631922422811307 0.084629683578148 0.179696185517157
CSVR 1 0.131279907305568 0.0713452615350056 0.70198395769907 0.0953908734603568
CSVR 2 0.0218907866693525 0.92950544721087 0.0185901089442174 0.0300136571755597
CSVR 3 0.283432130750438 0.581438385815155 0.0729475830218769 0.0621819004125299
CSVR 4 0.0524231138908792 0.126160675638027 0.0300130244759609 0.791403185995133
CSYK 1 0.198421844097727 0.0483050785586002 0.492087754540861 0.261185322802812
CSYK 2 0.0620851811544242 0.170321034883697 0.422397942618392 0.345195841343487
CSYK 3 0.0667768600547191 0.0814588287124761 0.0219366139230282 0.829827697309777
CSYK 4 0.144514908920528 0.765080070686766 0.0153016014137353 0.0751034189789707
CSYS 1 0.0942011287162064 0.810627103015854 0.0162125420603171 0.0789592262076221
CSYS 2 0.0999418532094403 0.084759415839253 0.722264056158492 0.0930346747928144
CSYS 3 0.216271407288366 0.135742379822224 0.378216125449304 0.269770087440105
CSYS 4 0.0649301147276055 0.410898575187444 0.459241195357345 0.0649301147276055
CSYV 1 0.0879636521496847 0.175730414235326 0.0349607288929259 0.701345204722064
CSYV 2 0.0238770426031357 0.301977911632189 0.522986920455014 0.151158125309662
CSYV 3 0.0176749415579578 0.883747077897889 0.0280362939080781 0.0705416866360748
CSYV 4 0.345448189454198 0.435074854373724 0.0971372592156008 0.122339696956478
CTFT 1 0.379574894743671 0.167199903222342 0.379574894743671 0.0736503072903158
CTFT 2 0.908989966602809 0.0206648351195754 0.0181797993320562 0.0521653989455592
CTFT 3 0.0410569177577826 0.682604593675801 0.108929690296435 0.167408798269982
CTFT 4 0.211814361032652 0.0750517862354461 0.01840645295695 0.694727399774952
CTGG 1 0.208169635699989 0.651550542422443 0.078975629500309 0.0613041923772586
CTGG 2 0.097701218131534 0.423654736430793 0.172848321918434 0.305795723519239
CTGG 3 0.110495999994095 0.195484553359164 0.130057892044519 0.563961554602222
CTGG 4 0.0700229954376691 0.875975434635494 0.0175195086927099 0.0364820612341267
CTGQ 1 0.332265784244933 0.0636446277202272 0.0178955882570876 0.586193999777752
CTGQ 2 0.440009069280245 0.169902248631376 0.347108806900361 0.0429798751880178
CTGQ 3 0.0573482160366274 0.0338011578631597 0.725357912079888 0.183492714020325
CTGQ 4 0.725092398080104 0.0337884362050769 0.0145018479616021 0.226617317753217
CTSL 1 0.0274623270331903 0.021157923371584 0.928563172537701 0.0228165770575245
CTSL 2 0.917377974820925 0.0241534142770531 0.0183475594964185 0.0401210514056036
CTSL 3 0.0418139521738529 0.0294155378979609 0.109126778646701 0.819643731281485
CTSL 4 0.0984096625563217 0.279316503303029 0.470571633946161 0.151702200194488
CTSR 1 0.0447238349532462 0.0276776224388529 0.909410335890099 0.018188206717802
CTSR 2 0.0466863093669854 0.0787047387431098 0.0442070629100199 0.830401888979885
CTSR 3 0.483364211778931 0.155032928023474 0.141954447735947 0.219648412461649
CTSR 4 0.278803169978871 0.173407240018268 0.0847483103535496 0.463041279649312
CTYR 1 0.0231243855976634 0.0231243855976634 0.0187010044863661 0.935050224318307
CTYR 2 0.0553973701999142 0.374399842876998 0.514805416723173 0.0553973701999142
CTYR 3 0.605298613175707 0.0344511348849504 0.110746329792147 0.249503922147195
CTYR 4 0.125738042722521 0.113074340026844 0.687234926985443 0.0739526902651924
DACS 1 0.812350978719819 0.0843584454328582 0.0761059600349696 0.0271846158123533
DACS 2 0.878535038821242 0.082306567115092 0.0175707007764248 0.0215876932872409
DACS 3 0.170671234252594 0.067834734452452 0.0420432720708299 0.719450759224124
DACS 4 0.0648998225874828 0.456025333000927 0.371167217461276 0.107907626950315
DAGI 1 0.0226100737358846 0.924333639933065 0.0345696135323886 0.0184866727986613
