TF	T080828_2.00
TF Name	AT1G14580
Gene	AT1G14580
Motif	M06797_2.00
Family	C2H2 ZF
Species	Arabidopsis_thaliana
Pos	A	C	G	T
1	0.252066	0.14876	0.132231	0.466942
2	0.252066	0.132231	0.140496	0.475207
3	0.247934	0.177686	0.132231	0.442149
4	0.297521	0.11157	0.115702	0.475207
5	0.239669	0.095041	0.115702	0.549587
6	0.103306	0.061983	0.045455	0.789256
7	0.0	0.024793	0.020661	0.954545
8	0.0	0.008264	0.0	0.991736
9	0.0	0.024793	0.004132	0.971074
10	0.0	0.004132	0.991736	0.004132
11	0.0	0.008264	0.061983	0.929752
12	0.008264	0.979339	0.0	0.012397
13	0.053719	0.086777	0.636364	0.22314
14	0.008264	0.03719	0.057851	0.896694
15	0.028926	0.132231	0.053719	0.785124
16	0.144628	0.0	0.024793	0.830579
17	0.268595	0.020661	0.004132	0.706612
18	0.086777	0.367769	0.446281	0.099174
19	0.016529	0.272727	0.016529	0.694215
20	0.157025	0.061983	0.483471	0.297521


TF	T080828_2.00
TF Name	AT1G14580
Gene	AT1G14580
Motif	M06798_2.00
Family	C2H2 ZF
Species	Arabidopsis_thaliana
Pos	A	C	G	T
1	0.308219	0.131849	0.131849	0.428082
2	0.25	0.145548	0.155822	0.44863
3	0.155822	0.083904	0.054795	0.705479
4	0.018836	0.063356	0.023973	0.893836
5	0.001712	0.006849	0.02226	0.969178
6	0.0	0.005137	0.0	0.994863
7	0.0	0.0	1.0	0.0
8	0.0	0.0	0.068493	0.931507
9	0.02226	0.964041	0.0	0.013699
10	0.059932	0.104452	0.539384	0.296233
11	0.006849	0.034247	0.094178	0.864726
12	0.017123	0.203767	0.070205	0.708904
13	0.202055	0.0	0.0	0.797945
14	0.260274	0.018836	0.0	0.72089
15	0.066781	0.407534	0.424658	0.101027
16	0.018836	0.308219	0.017123	0.655822
17	0.188356	0.070205	0.436644	0.304795


TF	T080841_2.00
TF Name	AT2G15740
Gene	AT2G15740
Motif	M06810_2.00
Family	C2H2 ZF
Species	Arabidopsis_thaliana
Pos	A	C	G	T
1	0.285	0.151667	0.026667	0.536667
2	0.021667	0.875	0.036667	0.066667
3	0.095	0.01	0.798333	0.096667
4	0.186667	0.186667	0.083333	0.543333
5	0.196667	0.565	0.035	0.203333
6	0.521667	0.0	0.281667	0.196667
7	0.108333	0.28	0.001667	0.61
8	0.0	0.988333	0.0	0.011667
9	0.001667	0.0	0.998333	0.0
10	0.401667	0.066667	0.04	0.491667
11	0.071667	0.336667	0.013333	0.578333


TF	T080850_2.00
TF Name	AT2G48100
Gene	AT2G48100
Motif	M06812_2.00
Family	C2H2 ZF
Species	Arabidopsis_thaliana
Pos	A	C	G	T
1	0.0	0.0	0.0	1.0
2	0.0	0.0	1.0	0.0
3	0.0	0.0	1.0	0.0
4	0.0	0.0	0.0	1.0
5	0.0	0.0	1.0	0.0
6	0.894737	0.0	0.0	0.105263


TF	T080855_2.00
TF Name	AT3G46070
Gene	AT3G46070
Motif	M06813_2.00
Family	C2H2 ZF
Species	Arabidopsis_thaliana
Pos	A	C	G	T
1	0.222772	0.262376	0.069307	0.445545
2	0.133663	0.450495	0.074257	0.341584
3	0.386139	0.232673	0.039604	0.341584
4	0.311881	0.272277	0.079208	0.336634
5	0.089109	0.391089	0.069307	0.450495
6	0.237624	0.316832	0.094059	0.351485
7	0.044554	0.0	0.0	0.955446
8	0.0	1.0	0.0	0.0
9	0.990099	0.0	0.0	0.009901
10	0.009901	0.990099	0.0	0.0
11	0.0	0.0	0.0	1.0
12	0.069307	0.648515	0.108911	0.173267
13	0.207921	0.217822	0.049505	0.524752
14	0.292079	0.386139	0.064356	0.257426
15	0.311881	0.321782	0.079208	0.287129


TF	T080859_2.00
TF Name	AT3G49930
Gene	AT3G49930
Motif	M06814_2.00
Family	C2H2 ZF
Species	Arabidopsis_thaliana
Pos	A	C	G	T
1	0.45098	0.117647	0.137255	0.294118
2	0.0	0.0	1.0	0.0
3	0.941176	0.058824	0.0	0.0
4	0.0	0.0	0.0	1.0
5	0.0	0.0	0.0	1.0
6	0.0	0.0	0.0	1.0
7	0.0	1.0	0.0	0.0


TF	T080861_2.00
TF Name	AT3G53600
Gene	AT3G53600
Motif	M00858_2.00
Family	C2H2 ZF
Species	Arabidopsis_thaliana
Pos	A	C	G	T
1	0.228068372140331	0.252054532218091	0.249546547718667	0.270330547922912
2	0.23744515722474	0.265054821941713	0.262417482398251	0.235082538435296
3	0.246133149769719	0.261353173739162	0.220494477395863	0.272019199095257
4	0.198016405054968	0.353664909312505	0.175624796452072	0.272693889180455
5	0.560345609229003	0.0284615414508171	0.326540424533418	0.0846524247867622
6	0.000553679349399298	0.638314077893649	0.360982848963644	0.000149393793307005
7	0.215967986533263	0.14476767068498	0.0522024895586383	0.587061853223118
8	0.224345362164033	0.279551535397414	0.255490866094033	0.240612236344521


TF	T080861_2.00
TF Name	AT3G53600
Gene	AT3G53600
Motif	M01856_2.00
Family	C2H2 ZF
Species	Arabidopsis_thaliana
Pos	A	C	G	T
1	0.251653695069885	0.264556255920961	0.23464035004243	0.249149698966724
2	0.289423275127517	0.244176234336191	0.182708180231246	0.283692310305046
3	0.158471984661928	0.480860796851666	0.0887282053672817	0.271939013119124
4	0.786026073195442	0.00215327505577752	0.180727426293742	0.0310932254550386
5	0.0300257046297181	0.591140567082197	0.354977297020008	0.0238564312680776
6	0.263933185038198	0.12467320878624	0.0180960916603935	0.593297514515168
7	0.227931219050487	0.304613546503309	0.230221965885254	0.23723326856095


TF	T080870_2.00
TF Name	AT4G35610
Gene	AT4G35610
Motif	M00859_2.00
Family	C2H2 ZF
Species	Arabidopsis_thaliana
Pos	A	C	G	T
1	0.331238955185354	0.222920348271549	0.222920348271549	0.222920348271549
2	0.174295862041578	0.174295862041578	0.477112413875266	0.174295862041578
3	0.0495297887337927	0.157848395647598	0.242295311041836	0.550326504576773
4	0.190933820463435	0.208473978913091	0.0964522566169609	0.504139944006513
5	0.808569783372714	0.000248198081925223	0.000248198081925223	0.190933820463435
6	0.000248198081925223	0.000248198081925223	0.900554474515021	0.0989491293211286
7	0.190933820463435	0.808569783372714	0.000248198081925223	0.000248198081925223
8	0.0989491293211286	0.000248198081925223	0.000248198081925223	0.900554474515021
9	0.315840746182714	0.0273278498103767	0.432679993249012	0.224151410757898
10	0.385892172825288	0.170016927109187	0.176874640112781	0.267216259952743
11	0.200718409348133	0.200718409348133	0.296922467883168	0.301640713420567


TF	T080872_2.00
TF Name	AT5G03510
Gene	AT5G03510
Motif	M00860_2.00
Family	C2H2 ZF
Species	Arabidopsis_thaliana
Pos	A	C	G	T
1	0.22874277456459	0.263116820253333	0.255340543017626	0.25279986216445
2	0.288237101934909	0.240755865077062	0.191288624810914	0.279718408177115
3	0.171485380767858	0.4303066179085	0.0697207529198719	0.32848724840377
4	0.692023289558718	5.5555076111605e-05	0.262334291087199	0.0455868642779718
5	0.00864080271101594	0.542666789458314	0.335793196628783	0.112899211201887
6	0.192008021791969	0.133959451228131	0.0796416463569289	0.594390880622971
7	0.214822403764216	0.301814218550285	0.223589472374193	0.259773905311306


TF	T080875_2.00
TF Name	AT5G04390
Gene	AT5G04390
Motif	M01857_2.00
Family	C2H2 ZF
Species	Arabidopsis_thaliana
Pos	A	C	G	T
1	0.243651391875543	0.243651391875543	0.246100129073767	0.266597087175148
2	0.283328850075882	0.229661902308504	0.186160319917419	0.300848927698195
3	0.196491364186358	0.399661717106707	0.0798874270913554	0.323959491615579
4	0.687206153835221	0.000104625740457548	0.247803061971467	0.0648861584528539
5	0.0379028260019985	0.56398388226712	0.338669827851951	0.0594434638789307
6	0.234481086318937	0.0788364086972105	0.0298855453269952	0.656796959656857
7	0.213760375864766	0.294375348502351	0.241014150775063	0.25085012485782


TF	T080875_2.00
TF Name	AT5G04390
Gene	AT5G04390
Motif	M06819_2.00
Family	C2H2 ZF
Species	Arabidopsis_thaliana
Pos	A	C	G	T
1	0.175292	0.404007	0.083472	0.337229
2	0.400668	0.213689	0.058431	0.327212
3	0.382304	0.293823	0.118531	0.205342
4	0.145242	0.440735	0.1202	0.293823
5	0.270451	0.131886	0.088481	0.509182
6	0.270451	0.170284	0.0	0.559265
7	0.0	0.984975	0.0	0.015025
8	1.0	0.0	0.0	0.0
9	0.0	0.963272	0.036728	0.0
10	0.0	0.0	0.0	1.0
11	0.288815	0.277129	0.180301	0.253756


TF	T080880_2.00
TF Name	AT5G22990
Gene	AT5G22990
Motif	M06821_2.00
Family	C2H2 ZF
Species	Arabidopsis_thaliana
Pos	A	C	G	T
1	0.289384	0.135274	0.017123	0.558219
2	0.0	0.97774	0.0	0.02226
3	0.054795	0.003425	0.90411	0.037671
4	0.376712	0.02226	0.047945	0.553082
5	0.22774	0.460616	0.070205	0.241438
6	0.42637	0.005137	0.184932	0.383562
7	0.075342	0.087329	0.003425	0.833904
8	0.0	1.0	0.0	0.0
9	0.02911	0.006849	0.936644	0.027397
10	0.39726	0.042808	0.034247	0.525685
11	0.138699	0.320205	0.070205	0.47089
12	0.214041	0.22089	0.214041	0.351027
13	0.208904	0.205479	0.094178	0.491438
14	0.148973	0.465753	0.164384	0.22089
15	0.277397	0.142123	0.333904	0.246575


TF	T080891_2.00
TF Name	AZF1
Gene	AT5G67450
Motif	M01860_2.00
Family	C2H2 ZF
Species	Arabidopsis_thaliana
Pos	A	C	G	T
1	0.221000068580147	0.244242848683377	0.295350566491558	0.239406516244918
2	0.674606681428864	0.00638613879071448	0.125729129516319	0.193278050264103
3	0.0003074347240476	0.383948145230081	0.608202268398609	0.007542151647262
4	0.0514118699599086	0.22811937776531	2.3750993451708e-05	0.72044500128133
5	0.180384751828597	0.0594474114175815	0.610997018600271	0.149170818153551
6	0.259446917941646	0.170468772356467	0.2467935424442	0.323290767257688
7	0.254065369848034	0.239269754537268	0.269775894913472	0.236888980701226


TF	T080891_2.00
TF Name	AZF1
Gene	AT5G67450
Motif	M06826_2.00
Family	C2H2 ZF
Species	Arabidopsis_thaliana
Pos	A	C	G	T
1	0.422819	0.10906	0.0	0.468121
2	0.0	0.988255	0.0	0.011745
3	1.0	0.0	0.0	0.0
4	0.0	0.880872	0.119128	0.0
5	0.0	0.001678	0.0	0.998322
6	0.248322	0.377517	0.270134	0.104027
7	0.437919	0.083893	0.065436	0.412752
8	0.120805	0.70302	0.033557	0.142617
9	0.496644	0.130872	0.021812	0.350671
10	0.243289	0.451342	0.157718	0.147651
11	0.283557	0.236577	0.060403	0.419463


TF	T080851_2.00
TF Name	AZF2
Gene	AT3G19580
Motif	M01854_2.00
Family	C2H2 ZF
Species	Arabidopsis_thaliana
Pos	A	C	G	T
1	0.21064740858416	0.232801389931281	0.314249006598755	0.242302194885804
2	0.782718558690325	0.00124953713749135	0.0977851956632985	0.118246708508885
3	0.00255526353790216	0.40268529993618	0.588840508450588	0.00591892807532976
4	0.0732618724207169	0.0689954331105043	0.000226285074403019	0.857516409394376
5	0.21462826204181	0.048857481445244	0.644778932484904	0.0917353240280418
6	0.297531970733732	0.127169607041983	0.222632333900807	0.352666088323478
7	0.284810477650306	0.226291494846983	0.273642899088192	0.215255128414519


TF	T080890_2.00
TF Name	IDD1
Gene	AT5G66730
Motif	M06824_2.00
Family	C2H2 ZF
Species	Arabidopsis_thaliana
Pos	A	C	G	T
1	0.294118	0.112605	0.129412	0.463866
2	0.258824	0.139496	0.168067	0.433613
3	0.114286	0.05042	0.05042	0.784874
4	0.008403	0.033613	0.013445	0.944538
5	0.0	0.005042	0.006723	0.988235
6	0.0	0.003361	0.0	0.996639
7	0.0	0.0	1.0	0.0
8	0.0	0.001681	0.005042	0.993277
9	0.0	1.0	0.0	0.0
10	0.026891	0.095798	0.626891	0.25042
11	0.003361	0.040336	0.045378	0.910924
12	0.144538	0.132773	0.062185	0.660504
13	0.17479	0.001681	0.003361	0.820168
14	0.238655	0.092437	0.031933	0.636975
15	0.107563	0.32437	0.304202	0.263866
16	0.094118	0.238655	0.129412	0.537815
17	0.248739	0.109244	0.352941	0.289076


TF	T080890_2.00
TF Name	IDD1
Gene	AT5G66730
Motif	M06825_2.00
Family	C2H2 ZF
Species	Arabidopsis_thaliana
Pos	A	C	G	T
1	0.300341	0.100683	0.12116	0.477816
2	0.215017	0.116041	0.146758	0.522184
3	0.102389	0.039249	0.054608	0.803754
4	0.003413	0.02901	0.013652	0.953925
5	0.0	0.008532	0.0	0.991468
6	0.0	0.013652	0.0	0.986348
7	0.0	0.0	1.0	0.0
8	0.0	0.0	0.0	1.0
9	0.0	0.993174	0.0	0.006826
10	0.027304	0.100683	0.593857	0.278157
11	0.008532	0.02901	0.039249	0.923208
12	0.141638	0.127986	0.042662	0.687713
13	0.143345	0.0	0.0	0.856655
14	0.21843	0.073379	0.017065	0.691126
15	0.134812	0.356655	0.28157	0.226962
16	0.09727	0.206485	0.09727	0.598976
17	0.255973	0.105802	0.317406	0.320819


TF	T080860_2.00
TF Name	IDD2
Gene	AT3G50700
Motif	M01061_2.00
Family	C2H2 ZF
Species	Arabidopsis_thaliana
Pos	A	C	G	T
1	0.217202240432511	0.134401139053616	0.206609162168627	0.441787458345246
2	0.167279082068627	0.212653390937668	0.0864584168093527	0.533609110184353
3	0.112505711851758	0.0987907515316628	0.0587331317401491	0.72997040487643
4	0.0975733839038376	0.111119339044281	0.0102841590052492	0.781023118046633
5	0.14657079847792	0.0383789287304881	0.71874639576709	0.0963038770245017
6	0.101726732787852	0.031572614906535	0.172826832968019	0.693873819337595
7	0.161188583790776	0.615586213926061	0.0520692731299619	0.171155929153201
8	0.180330829736068	0.253355364727475	0.325314727750537	0.24099907778592
9	0.205444142911636	0.187761809041117	0.243513939261526	0.363280108785721
10	0.264504385576357	0.24910084931583	0.17908451260118	0.307310252506632


TF	T080860_2.00
TF Name	IDD2
Gene	AT3G50700
Motif	M06815_2.00
Family	C2H2 ZF
Species	Arabidopsis_thaliana
Pos	A	C	G	T
1	0.12766	0.0	0.074468	0.797872
2	0.0	0.031915	0.0	0.968085
3	0.0	0.0	0.117021	0.882979
4	0.0	0.010638	0.0	0.989362
5	0.0	0.0	0.946809	0.053191
6	0.0	0.0	0.0	1.0
7	0.0	0.978723	0.0	0.021277
8	0.0	0.031915	0.712766	0.255319
9	0.0	0.010638	0.021277	0.968085
10	0.031915	0.180851	0.06383	0.723404
11	0.074468	0.0	0.0	0.925532
12	0.361702	0.021277	0.010638	0.606383
13	0.202128	0.351064	0.361702	0.085106
14	0.010638	0.265957	0.042553	0.680851
15	0.287234	0.021277	0.393617	0.297872


TF	T080860_2.00
TF Name	IDD2
Gene	AT3G50700
Motif	M06816_2.00
Family	C2H2 ZF
Species	Arabidopsis_thaliana
Pos	A	C	G	T
1	0.249135	0.231834	0.15917	0.359862
2	0.285467	0.131488	0.16436	0.418685
3	0.262976	0.134948	0.188581	0.413495
4	0.140138	0.102076	0.053633	0.704152
5	0.010381	0.069204	0.022491	0.897924
6	0.00173	0.0	0.013841	0.984429
7	0.0	0.0	0.0	1.0
8	0.0	0.0	1.0	0.0
9	0.0	0.0	0.010381	0.989619
10	0.0	0.980969	0.0	0.019031
11	0.025952	0.091696	0.596886	0.285467
12	0.008651	0.062284	0.051903	0.877163
13	0.1609	0.16782	0.084775	0.586505
14	0.209343	0.0	0.008651	0.782007
15	0.205882	0.105536	0.020761	0.66782
16	0.128028	0.354671	0.271626	0.245675
17	0.107266	0.249135	0.145329	0.49827
18	0.235294	0.122837	0.316609	0.32526


TF	T080840_2.00
TF Name	IDD4
Gene	AT2G02080
Motif	M06809_2.00
Family	C2H2 ZF
Species	Arabidopsis_thaliana
Pos	A	C	G	T
1	0.328257	0.103215	0.121827	0.446701
2	0.253807	0.103215	0.120135	0.522843
3	0.142132	0.059222	0.040609	0.758037
4	0.010152	0.038917	0.025381	0.92555
5	0.0	0.011844	0.005076	0.98308
6	0.0	0.010152	0.0	0.989848
7	0.0	0.0	1.0	0.0
8	0.001692	0.0	0.01692	0.981387
9	0.0	0.972927	0.0	0.027073
10	0.043993	0.13198	0.509306	0.314721
11	0.006768	0.027073	0.071066	0.895093
12	0.023689	0.13198	0.049069	0.795262
13	0.137056	0.0	0.0	0.862944
14	0.248731	0.023689	0.0	0.72758
15	0.071066	0.409475	0.423012	0.096447
16	0.028765	0.236887	0.00846	0.725888
17	0.174281	0.071066	0.394247	0.360406


TF	T080839_2.00
TF Name	IDD5
Gene	AT2G02070
Motif	M06807_2.00
Family	C2H2 ZF
Species	Arabidopsis_thaliana
Pos	A	C	G	T
1	0.300501	0.105175	0.136895	0.457429
2	0.280467	0.131886	0.15025	0.437396
3	0.161937	0.101836	0.070117	0.66611
4	0.026711	0.076795	0.03005	0.866444
5	0.0	0.010017	0.008347	0.981636
6	0.0	0.003339	0.0	0.996661
7	0.0	0.0	1.0	0.0
8	0.0	0.0	0.110184	0.889816
9	0.03172	0.8798	0.0	0.088481
10	0.080134	0.09182	0.457429	0.370618
11	0.006678	0.071786	0.100167	0.821369
12	0.023372	0.180301	0.065109	0.731219
13	0.186978	0.0	0.006678	0.806344
14	0.217028	0.028381	0.006678	0.747913
15	0.065109	0.397329	0.430718	0.106845
16	0.025042	0.27379	0.023372	0.677796
17	0.183639	0.100167	0.42571	0.290484


TF	T080839_2.00
TF Name	IDD5
Gene	AT2G02070
Motif	M06808_2.00
Family	C2H2 ZF
Species	Arabidopsis_thaliana
Pos	A	C	G	T
1	0.25	0.1125	0.125	0.5125
2	0.18125	0.025	0.05	0.74375
3	0.00625	0.04375	0.025	0.925
4	0.0	0.0125	0.04375	0.94375
5	0.0	0.01875	0.0	0.98125
6	0.0	0.0	0.99375	0.00625
7	0.0	0.00625	0.0	0.99375
8	0.0	1.0	0.0	0.0
9	0.01875	0.0875	0.69375	0.2
10	0.00625	0.03125	0.05	0.9125
11	0.01875	0.15625	0.0625	0.7625
12	0.10625	0.025	0.05	0.81875
13	0.33125	0.0375	0.0	0.63125
14	0.08125	0.35625	0.46875	0.09375
15	0.0375	0.275	0.01875	0.66875
16	0.19375	0.0875	0.4875	0.23125


TF	T080835_2.00
TF Name	IDD7
Gene	AT1G55110
Motif	M06803_2.00
Family	C2H2 ZF
Species	Arabidopsis_thaliana
Pos	A	C	G	T
1	0.235897	0.184615	0.162393	0.417094
2	0.305983	0.105983	0.131624	0.45641
3	0.234188	0.112821	0.152137	0.500855
4	0.136752	0.066667	0.042735	0.753846
5	0.008547	0.049573	0.018803	0.923077
6	0.001709	0.010256	0.003419	0.984615
7	0.0	0.018803	0.0	0.981197
8	0.0	0.0	1.0	0.0
9	0.001709	0.0	0.015385	0.982906
10	0.0	0.996581	0.0	0.003419
11	0.02906	0.097436	0.641026	0.232479
12	0.005128	0.039316	0.052991	0.902564
13	0.041026	0.150427	0.083761	0.724786
14	0.162393	0.0	0.001709	0.835897
15	0.249573	0.061538	0.005128	0.683761
16	0.117949	0.336752	0.382906	0.162393
17	0.030769	0.261538	0.034188	0.673504
18	0.203419	0.075214	0.396581	0.324786


TF	T080854_2.00
TF Name	IDD9
Gene	AT3G45260
Motif	M01060_2.00
Family	C2H2 ZF
Species	Arabidopsis_thaliana
Pos	A	C	G	T
1	0.242241910447893	0.162379608574162	0.24467648212227	0.350701998855675
2	0.221364982995062	0.232714608370514	0.142567111411864	0.403353297222559
3	0.184213827025291	0.142038363461031	0.142038363461031	0.531709446052647
4	0.158227953041684	0.152023746262166	0.0732616100399613	0.616486690656189
5	0.242948771499266	0.0649001934511558	0.562758511270605	0.129392523778973
6	0.152938565805483	0.0918389326039909	0.221414455619727	0.533808045970799
7	0.267528509259742	0.445512870828877	0.121416421533379	0.165542198378002
8	0.228430567637456	0.311447972736071	0.24499365263682	0.215127806989653
9	0.197570046874502	0.218348670084855	0.280365242077083	0.30371604096356
10	0.234067948601474	0.236420370593568	0.243620442795879	0.285891238009078


TF	T080871_2.00
TF Name	JKD
Gene	AT5G03150
Motif	M06818_2.00
Family	C2H2 ZF
Species	Arabidopsis_thaliana
Pos	A	C	G	T
1	0.27349	0.181208	0.112416	0.432886
2	0.270134	0.166107	0.120805	0.442953
3	0.271812	0.169463	0.13255	0.426174
4	0.295302	0.105705	0.125839	0.473154
5	0.243289	0.11745	0.124161	0.515101
6	0.139262	0.050336	0.052013	0.758389
7	0.010067	0.040268	0.021812	0.927852
8	0.0	0.008389	0.006711	0.984899
9	0.0	0.016779	0.0	0.983221
10	0.0	0.0	1.0	0.0
11	0.0	0.0	0.021812	0.978188
12	0.018456	0.946309	0.0	0.035235
13	0.052013	0.104027	0.555369	0.288591
14	0.015101	0.033557	0.07047	0.880872
15	0.095638	0.166107	0.057047	0.681208
16	0.145973	0.0	0.0	0.854027
17	0.224832	0.045302	0.013423	0.716443
18	0.119128	0.38255	0.323826	0.174497
19	0.078859	0.22651	0.065436	0.629195
20	0.239933	0.092282	0.350671	0.317114


TF	T080824_2.00
TF Name	MGP
Gene	AT1G03840
Motif	M06795_2.00
Family	C2H2 ZF
Species	Arabidopsis_thaliana
Pos	A	C	G	T
1	0.267677	0.175084	0.114478	0.442761
2	0.274411	0.158249	0.13468	0.43266
3	0.237374	0.188552	0.121212	0.452862
4	0.276094	0.114478	0.12963	0.479798
5	0.234007	0.094276	0.13468	0.537037
6	0.106061	0.031987	0.047138	0.814815
7	0.005051	0.026936	0.015152	0.952862
8	0.0	0.006734	0.005051	0.988215
9	0.0	0.026936	0.0	0.973064
10	0.0	0.0	1.0	0.0
11	0.0	0.001684	0.0	0.998316
12	0.0	1.0	0.0	0.0
13	0.016835	0.087542	0.638047	0.257576
14	0.001684	0.03367	0.035354	0.929293
15	0.124579	0.122896	0.043771	0.708754
16	0.13468	0.003367	0.0	0.861953
17	0.213805	0.084175	0.025253	0.676768
18	0.139731	0.311448	0.308081	0.240741
19	0.070707	0.234007	0.084175	0.611111
20	0.259259	0.084175	0.341751	0.314815


TF	T080824_2.00
TF Name	MGP
Gene	AT1G03840
Motif	M06796_2.00
Family	C2H2 ZF
Species	Arabidopsis_thaliana
Pos	A	C	G	T
1	0.260135	0.201014	0.138514	0.400338
2	0.290541	0.128378	0.131757	0.449324
3	0.239865	0.114865	0.16723	0.478041
4	0.128378	0.060811	0.047297	0.763514
5	0.008446	0.040541	0.008446	0.942568
6	0.0	0.003378	0.005068	0.991554
7	0.0	0.0	0.0	1.0
8	0.0	0.0	1.0	0.0
9	0.0	0.0	0.0	1.0
10	0.0	0.996622	0.0	0.003378
11	0.02027	0.077703	0.692568	0.209459
12	0.003378	0.032095	0.037162	0.927365
13	0.153716	0.130068	0.059122	0.657095
14	0.135135	0.0	0.0	0.864865
15	0.251689	0.087838	0.02027	0.640203
16	0.116554	0.334459	0.329392	0.219595
17	0.055743	0.22973	0.106419	0.608108
18	0.224662	0.08277	0.39527	0.297297


TF	T080884_2.00
TF Name	NUC
Gene	AT5G44160
Motif	M06822_2.00
Family	C2H2 ZF
Species	Arabidopsis_thaliana
Pos	A	C	G	T
1	0.24386	0.180702	0.152632	0.422807
2	0.247368	0.182456	0.157895	0.412281
3	0.264912	0.191228	0.145614	0.398246
4	0.298246	0.135088	0.147368	0.419298
5	0.222807	0.133333	0.149123	0.494737
6	0.122807	0.082456	0.073684	0.721053
7	0.014035	0.057895	0.033333	0.894737
8	0.0	0.008772	0.014035	0.977193
9	0.0	0.014035	0.0	0.985965
10	0.0	0.0	1.0	0.0
11	0.0	0.0	0.008772	0.991228
12	0.0	1.0	0.0	0.0
13	0.031579	0.089474	0.668421	0.210526
14	0.005263	0.033333	0.057895	0.903509
15	0.110526	0.15614	0.080702	0.652632
16	0.129825	0.0	0.005263	0.864912
17	0.259649	0.07193	0.026316	0.642105
18	0.098246	0.321053	0.354386	0.226316
19	0.042105	0.259649	0.096491	0.601754
20	0.229825	0.094737	0.398246	0.277193


TF	T080884_2.00
TF Name	NUC
Gene	AT5G44160
Motif	M06823_2.00
Family	C2H2 ZF
Species	Arabidopsis_thaliana
Pos	A	C	G	T
1	0.269565	0.142029	0.127536	0.46087
2	0.228986	0.104348	0.13913	0.527536
3	0.136232	0.06087	0.066667	0.736232
4	0.014493	0.046377	0.023188	0.915942
5	0.0	0.0	0.031884	0.968116
6	0.0	0.0	0.0	1.0
7	0.0	0.0	1.0	0.0
8	0.0	0.0	0.0	1.0
9	0.0	0.997101	0.0	0.002899
10	0.023188	0.046377	0.788406	0.142029
11	0.0	0.02029	0.055072	0.924638
12	0.043478	0.208696	0.066667	0.681159
13	0.110145	0.0	0.0	0.889855
14	0.295652	0.06087	0.014493	0.628986
15	0.127536	0.336232	0.35942	0.176812
16	0.031884	0.252174	0.055072	0.66087
17	0.217391	0.06087	0.431884	0.289855


TF	T127816_2.00
TF Name	Q9MAB7_ARATH
Gene	Q9MAB7_ARATH
Motif	M10384_2.00
Family	C2H2 ZF
Species	Arabidopsis_thaliana
Pos	A	C	G	T


TF	T080876_2.00
TF Name	RBE
Gene	AT5G06070
Motif	M01858_2.00
Family	C2H2 ZF
Species	Arabidopsis_thaliana
Pos	A	C	G	T
1	0.298649279711584	0.192341013278798	0.251959889801749	0.25704981720787
2	0.243080038338284	0.268644989131648	0.173017157355122	0.315257815174947
3	0.330003048565197	0.307692803035949	0.149770166038606	0.212533982360248
4	0.793061084296163	0.02594295913769	0.129787727221976	0.0512082293441703
5	0.00163793741109606	0.55748621309399	0.344963209851423	0.0959126396434906
6	0.290093500355928	0.00238739613042929	0.0219815460725486	0.685537557441095
7	0.240663821211487	0.26070800517212	0.243082532825366	0.255545640791026


TF	T080858_2.00
TF Name	REF6
Gene	AT3G48430
Motif	M08081_2.00
Family	C2H2 ZF
Species	Arabidopsis_thaliana
Pos	A	C	G	T
1	0.142120965554858	0.11960943856788	0.128288581502872	0.60998101437439
2	0.267968538107	0.239761323569	0.28831027936	0.203959858964
3	0.0138323840521004	0.971250339029029	0.00271223216707008	0.0122050447518004
4	0.0075942500678103	0.0284784377543011	0.00569568755085023	0.958231624627038
5	0.00949281258476142	0.983184160564147	0.00569568755085085	0.00162733930024024
6	0.00271223216707008	0.00813669650122024	0.0067805804176802	0.98237049091403
7	0.00650935720097744	0.000271223216706893	0.992948196365609	0.000271223216706893
8	0.00650935720097655	0.032004339571483	0.00922158936804512	0.952264713859496
9	0.048277732573901	0.00650935720098013	0.00732302685110015	0.937889883374019
10	0.0919446704638276	0.156495796040047	0.0371575806889111	0.714401952807214
11	0.0951993490642905	0.310279359912969	0.0566856522917943	0.537835638730946


TF	T080846_2.00
TF Name	SAP11
Gene	AT2G41835
Motif	M06811_2.00
Family	C2H2 ZF
Species	Arabidopsis_thaliana
Pos	A	C	G	T
1	0.0	0.0	0.0	1.0
2	0.0	0.0	0.0	1.0
3	0.0	0.0625	0.0	0.9375
4	0.0	0.0	0.0	1.0
5	0.0	1.0	0.0	0.0
6	1.0	0.0	0.0	0.0
7	1.0	0.0	0.0	0.0


TF	T080838_2.00
TF Name	SGR5
Gene	AT2G01940
Motif	M06805_2.00
Family	C2H2 ZF
Species	Arabidopsis_thaliana
Pos	A	C	G	T
1	0.315	0.071667	0.138333	0.475
2	0.195	0.035	0.056667	0.713333
3	0.031667	0.018333	0.016667	0.933333
4	0.001667	0.0	0.001667	0.996667
5	0.0	0.011667	0.001667	0.986667
6	0.0	0.001667	0.998333	0.0
7	0.005	0.0	0.01	0.985
8	0.001667	0.943333	0.0	0.055
9	0.07	0.036667	0.006667	0.886667
10	0.0	0.153333	0.036667	0.81
11	0.411667	0.045	0.026667	0.516667
12	0.205	0.073333	0.0	0.721667
13	0.16	0.193333	0.08	0.566667
14	0.066667	0.266667	0.095	0.571667
15	0.235	0.066667	0.21	0.488333


TF	T080838_2.00
TF Name	SGR5
Gene	AT2G01940
Motif	M06806_2.00
Family	C2H2 ZF
Species	Arabidopsis_thaliana
Pos	A	C	G	T
1	0.187291	0.132107	0.095318	0.585284
2	0.061873	0.113712	0.035117	0.789298
3	0.0	0.023411	0.003344	0.973244
4	0.0	0.005017	0.0	0.994983
5	0.0	0.0	1.0	0.0
6	0.0	0.0	0.001672	0.998328
7	0.0	0.949833	0.0	0.050167
8	0.071906	0.065217	0.0	0.862876
9	0.0	0.264214	0.056856	0.67893
10	0.311037	0.098662	0.073579	0.516722
11	0.23913	0.075251	0.008361	0.677258
12	0.143813	0.210702	0.115385	0.5301
13	0.098662	0.269231	0.135452	0.496656
14	0.195652	0.147157	0.198997	0.458194
15	0.247492	0.187291	0.229097	0.33612


TF	T080833_2.00
TF Name	STOP1
Gene	AT1G34370
Motif	M06801_2.00
Family	C2H2 ZF
Species	Arabidopsis_thaliana
Pos	A	C	G	T
1	0.101695	0.830508	0.033898	0.033898
2	0.0	0.983051	0.0	0.016949
3	0.0	0.118644	0.118644	0.762712
4	0.101695	0.220339	0.237288	0.440678
5	0.050847	0.779661	0.067797	0.101695
6	0.40678	0.576271	0.0	0.016949
7	0.0	0.779661	0.0	0.220339
8	0.016949	0.813559	0.016949	0.152542
9	0.779661	0.033898	0.169492	0.016949
10	0.118644	0.033898	0.762712	0.084746
11	0.508475	0.084746	0.169492	0.237288
12	0.152542	0.033898	0.0	0.813559
13	0.525424	0.118644	0.338983	0.016949
14	0.372881	0.305085	0.118644	0.20339
15	0.576271	0.169492	0.067797	0.186441
16	0.559322	0.322034	0.118644	0.0
17	0.118644	0.847458	0.0	0.033898
18	0.016949	0.694915	0.0	0.288136
19	0.084746	0.237288	0.135593	0.542373


TF	T080833_2.00
TF Name	STOP1
Gene	AT1G34370
Motif	M06802_2.00
Family	C2H2 ZF
Species	Arabidopsis_thaliana
Pos	A	C	G	T
1	0.645941	0.081174	0.189983	0.082902
2	0.124352	0.791019	0.050086	0.034542
3	0.0	0.924007	0.001727	0.074266
4	0.056995	0.070812	0.138169	0.734024
5	0.172712	0.248705	0.226252	0.352332
6	0.120898	0.759931	0.044905	0.074266
7	0.44905	0.487047	0.010363	0.053541
8	0.001727	0.816926	0.0	0.181347
9	0.074266	0.699482	0.036269	0.189983
10	0.682211	0.006908	0.267703	0.043178
11	0.15544	0.056995	0.702936	0.084629
12	0.531952	0.055268	0.122625	0.290155
13	0.215889	0.058722	0.017271	0.708117
14	0.542314	0.136442	0.271157	0.050086
15	0.381693	0.243523	0.126079	0.248705


TF	T080879_2.00
TF Name	STOP2
Gene	AT5G22890
Motif	M06820_2.00
Family	C2H2 ZF
Species	Arabidopsis_thaliana
Pos	A	C	G	T
1	0.052632	0.671053	0.030702	0.245614
2	0.864035	0.04386	0.065789	0.026316
3	0.144737	0.008772	0.807018	0.039474
4	0.763158	0.0	0.105263	0.131579
5	0.013158	0.008772	0.017544	0.960526
6	0.894737	0.013158	0.092105	0.0
7	0.517544	0.184211	0.087719	0.210526
8	0.359649	0.434211	0.092105	0.114035
9	0.850877	0.035088	0.078947	0.035088
10	0.109649	0.850877	0.0	0.039474
11	0.008772	0.973684	0.0	0.017544
12	0.0	0.026316	0.008772	0.964912
13	0.263158	0.223684	0.355263	0.157895
14	0.241228	0.47807	0.109649	0.171053
15	0.381579	0.346491	0.131579	0.140351
16	0.223684	0.407895	0.065789	0.302632
17	0.337719	0.236842	0.144737	0.280702
18	0.399123	0.070175	0.197368	0.333333


TF	T080837_2.00
TF Name	TFIIIA
Gene	AT1G72050
Motif	M06804_2.00
Family	C2H2 ZF
Species	Arabidopsis_thaliana
Pos	A	C	G	T
1	0.045	0.785	0.013333	0.156667
2	0.085	0.566667	0.041667	0.306667
3	0.071667	0.128333	0.078333	0.721667
4	0.041667	0.798333	0.008333	0.151667
5	0.171667	0.588333	0.028333	0.211667
6	0.088333	0.108333	0.028333	0.775
7	0.018333	0.823333	0.015	0.143333
8	0.153333	0.671667	0.008333	0.166667
9	0.106667	0.065	0.053333	0.775
10	0.053333	0.825	0.018333	0.103333
11	0.16	0.63	0.031667	0.178333
12	0.121667	0.046667	0.015	0.816667
13	0.043333	0.885	0.005	0.066667
14	0.13	0.696667	0.015	0.158333
15	0.083333	0.053333	0.066667	0.796667
16	0.041667	0.826667	0.013333	0.118333
17	0.138333	0.7	0.025	0.136667
18	0.178333	0.048333	0.056667	0.716667
19	0.04	0.858333	0.02	0.081667


TF	T080866_2.00
TF Name	YY1
Gene	AT4G06634
Motif	M01443_2.00
Family	C2H2 ZF
Species	Arabidopsis_thaliana
Pos	A	C	G	T
1	0.236326980228205	0.363295428346874	0.182220292881126	0.218157298543795
2	0.23723326856095	0.304613546503309	0.227931219050487	0.230221965885254
3	0.336482538803399	0.149686971550341	0.262052864721005	0.251777624925255
4	0.174832500889413	0.461198426960709	0.24076669107009	0.123202381079788
5	0.0440998038877894	0.825884831777613	0.0101396688080565	0.119875695526542
6	0.619974243964333	4.4586593326482e-05	0.000168583843833448	0.379812585598507
7	0.0487163138974524	0.229525460273499	0.045879296636043	0.675878929193006
8	0.246078753788381	0.173408766937745	0.285902722552001	0.294609756721872
9	0.299823942310988	0.166200591856205	0.324795399280428	0.20918006655238


TF	T080823_2.00
TF Name	ZAT1
Gene	AT1G02030
Motif	M01167_2.00
Family	C2H2 ZF
Species	Arabidopsis_thaliana
Pos	A	C	G	T
1	0.236805803013262	0.31020718366057	0.193880193440833	0.259106819885335
2	0.202488869773929	0.327237079144091	0.0900788070516206	0.38019524403036
3	0.723451560567644	0.00691735584361023	0.236047626646374	0.033583456942372
4	0.000135048382019885	0.778896223275519	0.220937050004576	3.16783378847626e-05
5	0.153841785662818	0.0368157119319143	0.000240730966547176	0.80910177143872
6	0.258197812411749	0.248073731379117	0.243161542380888	0.250566913828247
7	0.269669324699428	0.225246753859673	0.210018681255118	0.29506524018578


TF	T080831_2.00
TF Name	ZAT10
Gene	AT1G27730
Motif	M01852_2.00
Family	C2H2 ZF
Species	Arabidopsis_thaliana
Pos	A	C	G	T
1	0.235412495996142	0.252481827922354	0.233070102523851	0.279035573557653
2	0.330551466405188	0.217187789802137	0.156141456709082	0.296119287083592
3	0.14813518265308	0.51189793167387	0.0645942406840399	0.275372644989009
4	0.783011430581112	0.00202010056602354	0.147399604210061	0.067568864642803
5	0.0314496948673213	0.517179122907337	0.375549122114073	0.075822060111268
6	0.184255000312203	0.0981327024712429	0.0415260387272301	0.676086258489324
7	0.22900698703293	0.306051232405712	0.233633235045696	0.231308545515662


TF	T080831_2.00
TF Name	ZAT10
Gene	AT1G27730
Motif	M06799_2.00
Family	C2H2 ZF
Species	Arabidopsis_thaliana
Pos	A	C	G	T
1	0.539232	0.110184	0.035058	0.315526
2	0.0601	0.459098	0.353923	0.126878
3	0.170284	0.225376	0.040067	0.564274
4	0.203673	0.218698	0.0	0.577629
5	0.0	0.96828	0.0	0.03172
6	1.0	0.0	0.0	0.0
7	0.0	0.888147	0.111853	0.0
8	0.0	0.0	0.0	1.0


TF	T080831_2.00
TF Name	ZAT10
Gene	AT1G27730
Motif	M06800_2.00
Family	C2H2 ZF
Species	Arabidopsis_thaliana
Pos	A	C	G	T
1	0.038333	0.67	0.023333	0.268333
2	0.718333	0.0	0.025	0.256667
3	0.056667	0.541667	0.261667	0.14
4	0.22	0.17	0.0	0.61
5	0.263333	0.258333	0.213333	0.265
6	0.268333	0.255	0.001667	0.475
7	0.0	0.81	0.0	0.19
8	1.0	0.0	0.0	0.0
9	0.0	0.74	0.26	0.0
10	0.05	0.021667	0.0	0.928333
11	0.288333	0.263333	0.221667	0.226667


TF	T080887_2.00
TF Name	ZAT12
Gene	AT5G59820
Motif	M01859_2.00
Family	C2H2 ZF
Species	Arabidopsis_thaliana
Pos	A	C	G	T
1	0.248400075783789	0.263760278629192	0.229302170402793	0.258537475184227
2	0.276111328014485	0.237651222409402	0.20454830274012	0.281689146835993
3	0.169997773718655	0.452951629223812	0.123443719697143	0.25360687736039
4	0.754412758768057	9.21755512109709e-05	0.231815000945042	0.0136800647356905
5	0.0105174698142795	0.687483387577685	0.279509887007255	0.0224892556007806
6	0.273000345353904	0.0751490188657128	0.0194816512424718	0.632368984537912
7	0.212811065959022	0.29015195187858	0.244790993273753	0.252245988888645


TF	T080842_2.00
TF Name	ZAT2
Gene	AT2G17180
Motif	M00857_2.00
Family	C2H2 ZF
Species	Arabidopsis_thaliana
Pos	A	C	G	T
1	0.257874300999184	0.268398350865469	0.235679365566756	0.238047982568591
2	0.42547622388043	0.167873222833286	0.2266051483862	0.180045404900084
3	0.254794171728733	0.162463936775739	0.497928279416475	0.084813612079053
4	0.000693435513977544	0.723357067067261	0.258243507964815	0.0177059894539465
5	0.219297217657236	0.0579991275496838	0.0438347976227406	0.67886885717034
6	0.211636118377805	0.312582482115305	0.322102035928528	0.153679363578362
7	0.259566572179845	0.244450591785491	0.289748472343159	0.206234363691505


TF	T080849_2.00
TF Name	ZAT4
Gene	AT2G45120
Motif	M01168_2.00
Family	C2H2 ZF
Species	Arabidopsis_thaliana
Pos	A	C	G	T
1	0.21204515091116	0.261595450390037	0.234346134102018	0.292013264596786
2	0.23399433507879	0.288673677330632	0.205469356498491	0.271862631092087
3	0.243987729795153	0.280652692819386	0.0888649619891201	0.386494615396341
4	0.648279661944643	0.00184840329255853	0.285522884132407	0.0643490506303916
5	0.0120516084881223	0.705705586926067	0.259614576993768	0.0226282275920429
6	0.160825984496524	0.0416925701490161	0.000905129673141062	0.796576315681318
7	0.260991147419973	0.250757538155051	0.224637162366389	0.263614152058587


TF	T080874_2.00
TF Name	ZAT6
Gene	AT5G04340
Motif	M00861_2.00
Family	C2H2 ZF
Species	Arabidopsis_thaliana
Pos	A	C	G	T
1	0.190119020803284	0.283624250706554	0.236902887856228	0.289353840633934
2	0.289658997782487	0.230143807014563	0.175687063031546	0.304510132171404
3	0.212812987842164	0.354395594793159	0.10889823135554	0.323893186009137
4	0.640719105599845	0.0575463752309376	0.217585341496618	0.0841491776725994
5	0.00955275584014029	0.690095284675496	0.264232575190054	0.036119384294309
6	0.177903965981033	0.113436577003289	0.00150869326469784	0.70715076375098
7	0.222832864152095	0.283276089205555	0.286123061232538	0.207767985409812


TF	T080857_2.00
TF Name	ZAT7
Gene	AT3G46090
Motif	M01855_2.00
Family	C2H2 ZF
Species	Arabidopsis_thaliana
Pos	A	C	G	T
1	0.226290097486008	0.321129702452347	0.226290097486008	0.226290097486008
2	0.574041705216929	0.170940916477202	0.17168443677683	0.0833329364394104
3	0.177659197313354	0.0833329364394104	0.479715444342986	0.259292416814623
4	0.0833329364394104	0.265267177351145	0.17168443677683	0.479715444342986
5	0.648765763868416	0.144790252309264	0.150005226760848	0.056438751971844
6	0.000121616073792158	0.999635146688996	0.000121616073792158	0.000121616073792158
7	0.803101033553608	0.000121616073792158	0.000121616073792158	0.196655729209181
8	0.000121616073792158	0.803101033553608	0.196655729209181	0.000121616073792158
9	0.0238315173153769	0.0238315173153769	0.0238315173153769	0.928505442964242
10	0.289886351336699	0.268959548979458	0.274365416232241	0.166788678361974
11	0.268959548979458	0.166788678361974	0.289886351336699	0.274365416232241
12	0.274365416232241	0.166788678361974	0.268959548979458	0.289886351336699
13	0.193682862829542	0.193682862829542	0.316780535804266	0.295853733447024


TF	T080864_2.00
TF Name	ZAT9
Gene	AT3G60580
Motif	M06817_2.00
Family	C2H2 ZF
Species	Arabidopsis_thaliana
Pos	A	C	G	T
1	0.038333	0.521667	0.02	0.42
2	0.0	0.145	0.0	0.855
3	0.996667	0.0	0.003333	0.0
4	0.0	1.0	0.0	0.0
5	0.0	0.0	0.0	1.0
6	0.521667	0.033333	0.0	0.445
7	0.34	0.413333	0.116667	0.13
8	0.383333	0.183333	0.055	0.378333


TF	T080826_2.00
TF Name	ZFP5
Gene	AT1G10480
Motif	M01851_2.00
Family	C2H2 ZF
Species	Arabidopsis_thaliana
Pos	A	C	G	T
1	0.526319779342814	0.067755726073508	0.216136245206956	0.189788249376721
2	0.0112627080803299	0.400013020433476	0.534588396049212	0.0541358754369817
3	0.279852319761006	0.0649918602318013	0.00040022116815555	0.654755598839037
4	0.106357365818224	0.0888371394348345	0.0497397692647785	0.755065725482163
5	0.261504252614371	0.306878083245261	0.175291542662821	0.256326121477547
6	0.270316988680578	0.247051125867545	0.254574952767243	0.228056932684634
7	0.280202209686496	0.266536586666164	0.243596098573657	0.209665105073683
8	0.264607442931453	0.244263455948893	0.239426715459237	0.251702385660417


TF	T080847_2.00
TF Name	ZFP8
Gene	AT2G41940
Motif	M01853_2.00
Family	C2H2 ZF
Species	Arabidopsis_thaliana
Pos	A	C	G	T
1	0.28563337546802	0.222451496495214	0.253334078116226	0.23858104992054
2	0.25677719194451	0.259357845626518	0.234676683388031	0.249188279040941
3	0.228058105717351	0.244594184180306	0.259719043832464	0.267628666269879
4	0.232849275196529	0.25224260853448	0.24973275264444	0.265175363624552
5	0.255440012401054	0.193057408299094	0.290902336352727	0.260600242947126
6	0.656471513981042	0.0952856576412213	0.103221720656244	0.145021107721492
7	0.64690288867073	0.000765057862763633	0.0866776607218341	0.265654392744672
8	0.0779636542634524	0.559052142386537	0.325786658991398	0.0371975443586124
9	0.264347036702257	0.142204018003504	0.135268646208304	0.458180299085935


TF	T080964_2.00
TF Name	BATDEDRAFT_27309
Gene	BATDEDRAFT_27309
Motif	M01444_2.00
Family	C2H2 ZF
Species	Batrachochytrium_dendrobatidis
Pos	A	C	G	T
1	0.0711556445632154	0.776556695640475	0.0239237013268906	0.128363958469419
2	0.490785149872812	0.182364322022987	0.214006514369244	0.112844013734958
3	0.0573562400788184	0.522843217734509	0.132858100412057	0.286942441774616
4	0.167040636691606	0.251699802186059	0.201993822705254	0.379265738417081
5	0.00011620160625721	2.61886645867253e-05	0.999816124946886	4.14847822703552e-05
6	0.000152215224153663	0.999784931397908	2.41744301218844e-05	3.86789478162839e-05
7	0.0220085732072752	0.926516697840312	0.0243232350566087	0.0271514938958044
8	0.562533899149658	0.141521464428115	0.0328664177011889	0.263078218721038
9	0.0326317266803917	0.833209428736857	0.012004541377669	0.122154303205082


TF	T080990_2.00
TF Name	BATDEDRAFT_9451
Gene	BATDEDRAFT_9451
Motif	M01169_2.00
Family	C2H2 ZF
Species	Batrachochytrium_dendrobatidis
Pos	A	C	G	T
1	0.280784304277785	0.227599333571344	0.28360623344991	0.208010128700961
2	0.195847718457021	0.254000798460605	0.203840415469688	0.346311067612686
3	0.241712328389063	0.212246491160266	0.25665898403148	0.289382196419191
4	0.187449064003996	0.25814131042474	0.263356110810693	0.291053514760571
5	0.289444825700632	0.0223754571331168	0.618912987862074	0.0692667293041768
6	0.0255025647683595	0.836125754377439	0.125058174618844	0.0133135062353577
7	7.55798659368205e-05	0.9996794159592	2.46601831401669e-05	0.000220343991723401
8	0.155197498033479	8.41376179285578e-05	0.832720862040478	0.0119975023081144
9	0.000255686616065974	0.676002827200456	0.0230161756727062	0.300725310510772
10	0.43343921222773	0.164309453431347	0.08750986773477	0.314741466606154


TF	T137961_2.00
TF Name	e_gw.108.107.1
Gene	e_gw.108.107.1
Motif	M01190_2.00
Family	C2H2 ZF
Species	Branchiostoma_floridae
Pos	A	C	G	T
1	0.00961538461538462	0.971153846153846	0.00961538461538462	0.00961538461538462
2	0.00961538461538462	0.971153846153846	0.00961538461538462	0.00961538461538462
3	0.00961538461538462	0.00961538461538462	0.00961538461538462	0.971153846153846
4	0.00961538461538462	0.00961538461538462	0.971153846153846	0.00961538461538462
5	0.971153846153846	0.00961538461538462	0.00961538461538462	0.00961538461538462
6	0.00961538461538462	0.00961538461538462	0.00961538461538462	0.971153846153846
7	0.00961538461538462	0.00961538461538462	0.971153846153846	0.00961538461538462
8	0.971153846153846	0.00961538461538462	0.00961538461538462	0.00961538461538462


TF	T131614_2.00
TF Name	B0310.2
Gene	WBGene00015138
Motif	M00638_2.00
Family	C2H2 ZF
Species	Caenorhabditis_elegans
Pos	A	C	G	T
1	0.210067442762087	0.246516427716098	0.190076882525474	0.353339246996341
2	0.208071426855711	0.223158307585351	0.264510624585765	0.304259640973172
3	0.273164796809607	0.0994918035658271	0.172444468767523	0.454898930857042
4	0.377830389400446	0.255812662554738	0.134888078953973	0.231468869090843
5	0.223435386751607	0.756817601106058	7.6468397834344e-05	0.0196705437445009
6	0.00260852557446052	0.971445478903511	0.0147137899725173	0.0112322055495111
7	0.0104164505832503	0.00246794629071273	0.00138179909707654	0.98573380402896
8	0.00818689509193121	0.965392462474414	0.000304993356946876	0.0261156490767077
9	0.575777876276919	0.180498407506107	0.152280155868951	0.0914435603480233
10	0.290872240338356	0.279466976661557	0.181795810006373	0.247864972993714


TF	T131625_2.00
TF Name	bcl-11
Gene	WBGene00017430
Motif	M00641_2.00
Family	C2H2 ZF
Species	Caenorhabditis_elegans
Pos	A	C	G	T
1	0.423533440355492	0.155809245381709	0.281078073652479	0.13957924061032
2	0.237051653551592	0.254239837810917	0.246725915054952	0.261982593582539
3	0.0308139736230934	0.0314364571817228	0.0327194033369538	0.90503016585823
4	0.0226754282191563	0.00342561795830058	0.973873949788814	2.50040337295195e-05
5	0.814440135898978	2.85100372100138e-05	0.0352512478240575	0.150280106239754
6	0.0154132443291625	0.958363517404896	0.0072082569049753	0.0190149813609661
7	0.0251635620710549	0.968159646691166	0.00226007274081865	0.00441671849696003
8	0.560196001067379	0.106515096329761	0.269963489160231	0.0633254134426285
9	0.199575747823963	0.322529257330667	0.241336892750529	0.236558102094842
10	0.19430061076783	0.267576765701353	0.146849242580187	0.391273380950631


TF	T131566_2.00
TF Name	blmp-1
Gene	WBGene00003847
Motif	M08103_2.00
Family	C2H2 ZF
Species	Caenorhabditis_elegans
Pos	A	C	G	T
1	0.0332541567695867	0.410629453681836	0.0380047505937848	0.518111638954793
