DE  T119099_2.00  zfC2H2
0  0.189259  0.147395  0.479679  0.183666  N
1  0.363992  0.251422  0.232092  0.152495  N
2  0.098752  0.153332  0.100747  0.647169  T
3  0.150498  0.000229  0.848908  0.000366  G
4  0.002184  0.983339  0.000167  0.014310  C
5  0.002598  0.986913  0.010325  0.000164  C
6  0.036529  0.037642  0.056155  0.869674  T
7  0.142295  0.097310  0.427477  0.332919  N
8  0.712421  0.080533  0.181031  0.026015  A
9  0.192284  0.272864  0.214643  0.320209  N
XX
DE  T094823_2.00  zfC2H2
0  0.173554  0.487603  0.195041  0.143802  N
1  0.198091  0.027446  0.606205  0.168258  G
2  0.154391  0.797450  0.031161  0.016997  C
3  0.000000  1.000000  0.000000  0.000000  C
4  0.988599  0.008143  0.001629  0.001629  A
5  0.000000  0.001647  0.000000  0.998353  T
6  0.102310  0.448845  0.113861  0.334983  N
7  0.009259  0.000000  0.084877  0.905864  T
8  0.000000  0.000000  0.001645  0.998355  T
9  0.035484  0.002151  0.408602  0.553763  K
10  0.206483  0.034814  0.677071  0.081633  G
11  0.402640  0.047855  0.432343  0.117162  R
12  0.019185  0.630695  0.164269  0.185851  C
13  0.400000  0.135537  0.208264  0.256198  N
14  0.437294  0.117162  0.128713  0.316832  N
15  0.361386  0.107261  0.077558  0.453795  W
16  0.275124  0.135091  0.177924  0.411862  N
17  0.185185  0.452381  0.083333  0.279100  N
18  0.117731  0.008511  0.846808  0.026950  G
19  0.011164  0.015949  0.011164  0.961723  T
20  0.011272  0.014493  0.972625  0.001610  G
21  0.032123  0.790503  0.079609  0.097765  C
22  0.028053  0.145214  0.331683  0.495049  K
XX
DE  bowl  zfC2H2
0  0.350855  0.259074  0.214435  0.175636  N
1  0.326232  0.343358  0.144110  0.186299  N
2  0.389816  0.228714  0.217446  0.164023  N
3  0.396494  0.307179  0.086394  0.209933  N
4  0.460351  0.436978  0.055927  0.046745  M
5  0.028798  0.951169  0.000417  0.019616  C
6  0.526074  0.027952  0.445557  0.000417  R
7  0.000417  0.000417  0.998749  0.000417  G
8  0.217028  0.005426  0.044240  0.733306  T
9  0.957447  0.023780  0.018356  0.000417  A
10  0.000417  0.003755  0.995411  0.000417  G
11  0.000417  0.908180  0.020033  0.071369  C
12  0.327629  0.380634  0.103923  0.187813  N
13  0.293823  0.375626  0.229967  0.100584  N
XX
DE  T131853_2.00  zfC2H2
0  0.200000  0.480000  0.180000  0.140000  N
1  0.282828  0.222222  0.171717  0.323232  N
2  0.370000  0.300000  0.220000  0.110000  N
3  0.623762  0.356436  0.009901  0.009901  A
4  0.000000  0.000000  1.000000  0.000000  G
5  0.000000  1.000000  0.000000  0.000000  C
6  0.000000  1.000000  0.000000  0.000000  C
7  0.420000  0.300000  0.070000  0.210000  N
8  0.070707  0.767677  0.080808  0.080808  C
XX
DE  T101089_2.00  zfC2H2
0  0.068894  0.730689  0.016701  0.183716  C
1  0.075157  0.743215  0.093946  0.087683  C
2  0.146138  0.446764  0.129436  0.277662  N
3  0.052192  0.665971  0.104384  0.177453  C
4  0.033403  0.576200  0.133612  0.256785  Y
5  0.012526  0.770355  0.031315  0.185804  C
6  0.031315  0.797495  0.020877  0.150313  C
7  0.139875  0.582464  0.043841  0.233820  Y
8  0.208768  0.286013  0.160752  0.344468  N
9  0.043841  0.298539  0.344468  0.313152  N
10  0.008351  0.868476  0.006263  0.116910  C
11  0.052192  0.423800  0.031315  0.492693  Y
12  0.087683  0.885177  0.014614  0.012526  C
13  0.006263  0.918580  0.006263  0.068894  C
14  0.108560  0.000000  0.354906  0.536534  K
15  0.002088  0.974948  0.006263  0.016701  C
16  0.000000  0.997912  0.002088  0.000000  C
17  0.033403  0.695198  0.012526  0.258873  C
18  0.110647  0.542798  0.035491  0.311065  Y
XX
DE  T131592_2.00  zfC2H2
0  0.325030  0.207248  0.303056  0.164666  N
1  0.069548  0.078416  0.653291  0.198745  G
2  0.539596  0.190723  0.208684  0.060997  N
3  0.021522  0.943023  0.001019  0.034436  C
4  0.014382  0.921454  0.063178  0.000986  C
5  0.492495  0.202246  0.116686  0.188573  N
6  0.102934  0.738107  0.030695  0.128264  C
7  0.232882  0.678940  0.016619  0.071560  C
8  0.172216  0.543892  0.071432  0.212459  N
9  0.373667  0.195072  0.219943  0.211318  N
XX
DE  T100999_2.00  zfC2H2
0  0.026000  0.680000  0.080000  0.214000  C
1  0.050000  0.472000  0.108000  0.370000  Y
2  0.038000  0.674000  0.094000  0.194000  C
3  0.060000  0.752000  0.068000  0.120000  C
4  0.092000  0.388000  0.214000  0.306000  N
5  0.056000  0.516000  0.186000  0.242000  N
6  0.012000  0.714000  0.036000  0.238000  C
7  0.038000  0.386000  0.100000  0.476000  Y
8  0.044000  0.908000  0.012000  0.036000  C
9  0.010000  0.970000  0.008000  0.012000  C
10  0.022000  0.004000  0.148000  0.826000  T
11  0.000000  0.972000  0.016000  0.012000  C
12  0.012000  0.956000  0.026000  0.006000  C
13  0.008000  0.714000  0.026000  0.252000  C
14  0.062000  0.596000  0.052000  0.290000  Y
15  0.014000  0.804000  0.084000  0.098000  C
16  0.146000  0.276000  0.304000  0.274000  N
17  0.038000  0.762000  0.112000  0.088000  C
18  0.070000  0.560000  0.160000  0.210000  N
19  0.072000  0.514000  0.102000  0.312000  Y
XX
DE  T131614_2.00  zfC2H2
0  0.210067  0.246516  0.190077  0.353339  N
1  0.208071  0.223158  0.264511  0.304260  N
2  0.273165  0.099492  0.172445  0.454899  N
3  0.377830  0.255813  0.134888  0.231469  N
4  0.223435  0.756818  0.000076  0.019671  C
5  0.002609  0.971445  0.014714  0.011232  C
6  0.010416  0.002468  0.001382  0.985734  T
7  0.008187  0.965392  0.000305  0.026116  C
8  0.575778  0.180498  0.152280  0.091444  N
9  0.290872  0.279467  0.181796  0.247865  N
XX
DE  T131643_2.00  zfC2H2
0  0.213172  0.469703  0.172794  0.144330  N
1  0.261036  0.209486  0.300263  0.229215  N
2  0.050698  0.930657  0.008810  0.009834  C
3  0.013592  0.943421  0.040428  0.002559  C
4  0.042494  0.742012  0.017277  0.198217  C
5  0.486741  0.423152  0.024233  0.065873  M
6  0.008541  0.958010  0.013665  0.019784  C
7  0.126714  0.112385  0.545624  0.215278  N
8  0.084287  0.641772  0.074756  0.199185  C
9  0.533295  0.139641  0.198160  0.128905  N
XX
DE  T095121_2.00  zfC2H2
0  0.412635  0.168599  0.200920  0.217846  N
1  0.472251  0.024957  0.269335  0.233457  N
2  0.419768  0.041449  0.174263  0.364520  N
3  0.857731  0.022235  0.000000  0.120034  A
4  0.000000  1.000000  0.000000  0.000000  C
5  0.000000  1.000000  0.000000  0.000000  C
6  0.000067  0.000000  0.999667  0.000266  G
7  0.000000  0.000000  0.000266  0.999734  T
8  0.000000  0.000000  0.000000  1.000000  T
9  0.999401  0.000599  0.000000  0.000000  A
10  0.039315  0.238414  0.101906  0.620365  T
11  0.223577  0.246235  0.227576  0.302612  N
12  0.094102  0.384517  0.030453  0.490928  Y
13  0.194789  0.262295  0.324670  0.218246  N
XX
DE  T095455_2.00  zfC2H2
0  0.244234  0.133728  0.345658  0.276380  N
1  0.133719  0.113702  0.371351  0.381228  N
2  0.016193  0.968616  0.003489  0.011701  C
3  0.006209  0.963777  0.028149  0.001865  C
4  0.001219  0.000021  0.996658  0.002102  G
5  0.000074  0.999021  0.000726  0.000179  C
6  0.000000  1.000000  0.000000  0.000000  C
7  0.999884  0.000000  0.000063  0.000053  A
8  0.000032  0.000000  0.000000  0.999968  T
9  0.016566  0.131899  0.027535  0.824000  T
10  0.005172  0.000073  0.000000  0.994754  T
11  0.000021  0.000505  0.000084  0.999390  T
12  0.166160  0.011955  0.697458  0.124426  G
13  0.435761  0.077434  0.218033  0.268772  N
XX
DE  T095022_2.00  zfC2H2
0  0.290396  0.253811  0.344893  0.110899  N
1  0.212916  0.529566  0.121695  0.135822  N
2  0.159457  0.659960  0.055332  0.125251  C
3  0.543609  0.347006  0.034390  0.074995  M
4  0.000000  0.968981  0.000000  0.031019  C
5  0.196352  0.231277  0.509119  0.063252  N
6  0.006652  0.969697  0.004065  0.019586  C
7  0.037970  0.931157  0.023776  0.007097  C
8  0.016328  0.874375  0.025325  0.083972  C
9  0.364374  0.487021  0.043478  0.105126  M
10  0.110315  0.649424  0.071985  0.168277  C
11  0.175305  0.483232  0.125381  0.216082  N
XX
DE  T144982_2.00  zfC2H2
0  0.214414  0.275313  0.206006  0.304267  N
1  0.145851  0.273851  0.311870  0.268429  N
2  0.075324  0.134531  0.633841  0.156303  G
3  0.087613  0.093030  0.438309  0.381048  K
4  0.423295  0.304316  0.172099  0.100290  N
5  0.057450  0.907704  0.000000  0.034845  C
6  0.021182  0.928103  0.000156  0.050559  C
7  0.000000  0.000000  0.000000  1.000000  T
8  0.124669  0.049189  0.570017  0.256125  K
9  0.480581  0.046758  0.277271  0.195390  N
XX
DE  T095134_2.00  zfC2H2
0  0.086473  0.336473  0.277397  0.299658  N
1  0.649057  0.223270  0.118868  0.008805  A
2  0.015702  0.960331  0.000000  0.023967  C
3  0.009291  0.987331  0.003378  0.000000  C
4  0.127540  0.741416  0.002803  0.128241  C
5  0.000845  0.989011  0.005072  0.005072  C
6  0.157698  0.838565  0.003737  0.000000  C
7  0.004177  0.967418  0.004177  0.024227  C
8  0.727513  0.025132  0.234788  0.012566  A
9  0.016234  0.937500  0.030032  0.016234  C
10  0.233573  0.157372  0.520707  0.088349  N
11  0.493628  0.087190  0.175050  0.244132  N
12  0.318212  0.397598  0.066711  0.217478  N
13  0.045307  0.227832  0.642071  0.084790  G
14  0.264782  0.464439  0.089974  0.180806  N
XX
DE  Sp1  zfC2H2
0  0.312281  0.247368  0.308772  0.131579  N
1  0.425862  0.129310  0.312069  0.132759  N
2  0.222414  0.058621  0.615517  0.103448  G
3  0.115517  0.005172  0.410345  0.468965  K
4  0.127586  0.001724  0.853448  0.017241  G
5  0.006897  0.001724  0.972414  0.018966  G
6  0.001724  0.001724  0.982759  0.013793  G
7  0.048276  0.881035  0.001724  0.068966  C
8  0.006897  0.001724  0.963793  0.027586  G
9  0.001724  0.003448  0.486207  0.508621  K
10  0.224138  0.029310  0.586207  0.160345  R
11  0.272414  0.115517  0.450000  0.162069  N
12  0.166667  0.656028  0.054965  0.122340  C
13  0.190291  0.452427  0.174757  0.182524  N
XX
DE  T095190_2.00  zfC2H2
0  0.247535  0.282290  0.312034  0.158141  N
1  0.152899  0.301258  0.101358  0.444485  N
2  0.225719  0.003824  0.769858  0.000599  G
3  0.001249  0.996415  0.000000  0.002336  C
4  0.998911  0.000000  0.000381  0.000708  A
5  0.000272  0.997933  0.000653  0.001142  C
6  0.994742  0.002277  0.002223  0.000759  A
7  0.009032  0.914246  0.006569  0.070153  C
8  0.306188  0.337891  0.337237  0.018684  N
9  0.013791  0.980414  0.003005  0.002790  C
10  0.026409  0.018709  0.074193  0.880689  T
11  0.018415  0.065881  0.792735  0.122969  G
12  0.436012  0.201305  0.154814  0.207869  N
13  0.536727  0.431798  0.007958  0.023517  M
14  0.982087  0.004237  0.009975  0.003701  A
15  0.466193  0.201482  0.201950  0.130376  N
16  0.270850  0.261535  0.145340  0.322275  N
XX
DE  T101423_2.00  zfC2H2
0  0.000000  0.379023  0.000000  0.620977  T
1  0.000000  0.000000  0.942622  0.057378  G
2  0.028689  0.913933  0.057378  0.000000  C
3  0.000000  1.000000  0.000000  0.000000  C
4  0.000000  1.000000  0.000000  0.000000  C
5  0.000000  1.000000  0.000000  0.000000  C
6  0.000000  1.000000  0.000000  0.000000  C
7  0.028689  0.000000  0.000000  0.971311  T
8  0.028689  0.000000  0.620977  0.350334  G
9  0.721522  0.121707  0.156771  0.000000  A
10  0.256740  0.743260  0.000000  0.000000  C
11  0.707620  0.228051  0.000000  0.064329  A
XX
DE  T094872_2.00  zfC2H2
0  0.247130  0.398983  0.158413  0.195474  N
1  0.331370  0.416636  0.125506  0.126488  N
2  0.096646  0.735642  0.061173  0.106540  C
3  0.312385  0.086782  0.488111  0.112721  R
4  0.015478  0.972874  0.001915  0.009734  C
5  0.029844  0.933119  0.017294  0.019743  C
6  0.055626  0.774320  0.010414  0.159639  C
7  0.594771  0.335479  0.042337  0.027412  M
8  0.000324  0.986250  0.002103  0.011323  C
9  0.174956  0.130649  0.601638  0.092757  G
10  0.072922  0.749754  0.050172  0.127152  C
11  0.366286  0.255198  0.219221  0.159295  N
12  0.255986  0.407019  0.152345  0.184651  N
XX
DE  T078185_2.00  zfC2H2
0  0.566245  0.166778  0.066911  0.200067  N
1  0.000204  0.999388  0.000204  0.000204  C
2  0.000204  0.877039  0.000204  0.122553  C
3  0.000204  0.999388  0.000204  0.000204  C
4  0.000204  0.999388  0.000204  0.000204  C
5  0.571166  0.020595  0.408034  0.000204  R
6  0.000232  0.929600  0.046701  0.023467  C
7  0.726695  0.030569  0.181901  0.060835  A
XX
DE  T095424_2.00  zfC2H2
0  0.161290  0.569893  0.231183  0.037634  S
1  0.130769  0.861538  0.007692  0.000000  C
2  0.000000  0.220126  0.018868  0.761006  T
3  0.761006  0.150943  0.000000  0.088050  A
4  0.075188  0.909774  0.007519  0.007519  C
5  0.045113  0.909774  0.030075  0.015038  C
6  0.088889  0.837037  0.029630  0.044444  C
7  0.149425  0.252874  0.017241  0.580460  Y
8  0.146342  0.495935  0.081301  0.276423  N
9  0.358333  0.150000  0.250000  0.241667  N
10  0.228070  0.578947  0.157895  0.035088  M
11  0.037313  0.888060  0.029851  0.044776  C
12  0.026316  0.138158  0.026316  0.809211  T
13  0.746914  0.172840  0.037037  0.043210  A
14  0.046875  0.937500  0.000000  0.015625  C
15  0.046512  0.930233  0.015504  0.007752  C
16  0.105263  0.723684  0.052632  0.118421  C
17  0.125000  0.352941  0.029412  0.492647  Y
XX
DE  T131789_2.00  zfC2H2
0  0.284438  0.561446  0.083975  0.070142  M
1  0.061719  0.891213  0.028292  0.018776  C
2  0.007023  0.962206  0.009672  0.021099  C
3  0.002209  0.994749  0.002725  0.000317  C
4  0.008375  0.987594  0.002086  0.001945  C
5  0.995764  0.002811  0.001120  0.000305  A
6  0.008592  0.907660  0.001406  0.082341  C
7  0.006368  0.302261  0.064154  0.627216  T
8  0.082147  0.371860  0.053975  0.492018  Y
9  0.219776  0.181746  0.073892  0.524586  N
XX
DE  T101455_2.00  zfC2H2
0  0.199381  0.604994  0.044935  0.150689  C
1  0.624110  0.008468  0.329088  0.038334  A
2  0.031992  0.850223  0.105162  0.012623  C
3  0.011205  0.000000  0.000117  0.988678  T
4  0.020861  0.012780  0.904932  0.061428  G
5  0.040763  0.571226  0.236935  0.151076  S
6  0.506699  0.218747  0.118857  0.155698  N
7  0.232480  0.254374  0.234817  0.278329  N
8  0.221121  0.249313  0.259488  0.270078  N
XX
DE  sens  zfC2H2
0  0.164216  0.088235  0.296569  0.450980  N
1  0.119101  0.020225  0.797753  0.062921  G
2  0.037815  0.760504  0.023109  0.178571  C
3  0.138655  0.397059  0.010504  0.453782  Y
4  0.023109  0.090336  0.829832  0.056723  G
5  0.170168  0.010504  0.002101  0.817227  T
6  0.037815  0.002101  0.945378  0.014706  G
7  0.983193  0.012605  0.002101  0.002101  A
8  0.027311  0.002101  0.004202  0.966387  T
9  0.016807  0.002101  0.002101  0.978992  T
10  0.046218  0.046218  0.172269  0.735294  T
11  0.426471  0.140756  0.292017  0.140756  N
12  0.128151  0.279412  0.250000  0.342437  N
13  0.193684  0.218947  0.284210  0.303158  N
14  0.151709  0.220085  0.309829  0.318376  N
XX
DE  T131829_2.00  zfC2H2
0  0.079208  0.079208  0.227723  0.613861  T
1  0.000000  0.000000  1.000000  0.000000  G
2  0.000000  1.000000  0.000000  0.000000  C
3  0.000000  0.000000  0.000000  1.000000  T
4  0.000000  0.000000  1.000000  0.000000  G
5  0.000000  0.000000  1.000000  0.000000  G
6  0.040000  0.040000  0.270000  0.650000  T
7  0.250000  0.250000  0.100000  0.400000  N
XX
DE  T078206_2.00  zfC2H2
0  0.206151  0.411007  0.152721  0.230122  N
1  0.232341  0.208139  0.168714  0.390805  N
2  0.288370  0.291268  0.285501  0.134861  N
3  0.462210  0.426674  0.021456  0.089660  M
4  0.029248  0.010547  0.958914  0.001291  G
5  0.001814  0.997930  0.000055  0.000201  C
6  0.075691  0.868406  0.045452  0.010451  C
7  0.334780  0.344976  0.074700  0.245544  N
8  0.094398  0.663497  0.088016  0.154088  C
9  0.373354  0.242870  0.224198  0.159577  N
XX
DE  T117220_2.00  zfC2H2
0  0.458333  0.000000  0.541667  0.000000  R
1  0.125000  0.833333  0.041667  0.000000  C
2  0.083333  0.875000  0.000000  0.041667  C
3  0.833333  0.166667  0.000000  0.000000  A
4  0.041667  0.958333  0.000000  0.000000  C
5  0.416667  0.000000  0.583333  0.000000  R
6  0.041667  0.916667  0.000000  0.041667  C
7  0.000000  0.916667  0.083333  0.000000  C
8  0.000000  0.916667  0.000000  0.083333  C
9  0.583333  0.083333  0.083333  0.250000  W
10  0.291667  0.291667  0.125000  0.291667  N
11  0.043478  0.434783  0.086957  0.434783  Y
XX
DE  T101294_2.00  zfC2H2
0  0.285171  0.144487  0.384030  0.186312  N
1  0.317491  0.076046  0.579848  0.026616  R
2  0.127376  0.752852  0.060837  0.058935  C
3  0.024715  0.876426  0.000000  0.098859  C
4  0.768061  0.224335  0.000000  0.007605  A
5  0.000000  1.000000  0.000000  0.000000  C
6  0.760456  0.000000  0.184411  0.055133  A
7  0.000000  1.000000  0.000000  0.000000  C
8  0.000000  1.000000  0.000000  0.000000  C
9  0.000000  0.965780  0.000000  0.034221  C
10  0.532319  0.066540  0.000000  0.401141  W
XX
DE  T095176_2.00  zfC2H2
0  0.266547  0.374878  0.119702  0.238873  N
1  0.528347  0.455584  0.001685  0.014384  M
2  0.000797  0.999203  0.000000  0.000000  C
3  0.054908  0.003195  0.924505  0.017392  G
4  0.000943  0.998172  0.000619  0.000265  C
5  0.001709  0.997614  0.000530  0.000147  C
6  0.000758  0.828379  0.000171  0.170691  C
7  0.928765  0.071070  0.000000  0.000165  A
8  0.002090  0.996674  0.000677  0.000559  C
9  0.040572  0.003314  0.935178  0.020935  G
10  0.001202  0.969118  0.000000  0.029680  C
11  0.628749  0.098676  0.171504  0.101071  A
12  0.263763  0.386503  0.117041  0.232693  N
XX
DE  T114596_2.00  zfC2H2
0  0.307967  0.109394  0.441142  0.141498  N
1  0.303548  0.522996  0.019711  0.153745  M
2  0.000000  0.907781  0.048991  0.043228  C
3  0.881119  0.051748  0.067133  0.000000  A
4  0.034188  0.897436  0.000000  0.068376  C
5  0.400564  0.019746  0.486601  0.093089  R
6  0.064993  0.930576  0.000000  0.004431  C
7  0.066482  0.872576  0.015235  0.045706  C
8  0.000000  0.803571  0.030612  0.165816  C
9  0.402102  0.425756  0.014455  0.157687  M
10  0.094439  0.661070  0.006296  0.238195  C
XX
DE  T114403_2.00  zfC2H2
0  0.170808  0.060041  0.139752  0.629400  T
1  0.009729  0.000000  0.989247  0.001024  G
2  0.001033  0.997934  0.001033  0.000000  C
3  0.000000  0.001550  0.000000  0.998450  T
4  0.998966  0.001034  0.000000  0.000000  A
5  0.001542  0.992806  0.002569  0.003083  C
6  0.000000  0.982206  0.000000  0.017794  C
7  0.011765  0.000000  0.988235  0.000000  G
8  0.000000  0.000000  0.998966  0.001034  G
9  0.002576  0.000000  0.002061  0.995363  T
10  0.998966  0.000000  0.001034  0.000000  A
11  0.000000  0.000000  1.000000  0.000000  G
12  0.000000  0.992806  0.000000  0.007194  C
13  0.634386  0.147074  0.060073  0.158467  A
XX
DE  T144867_2.00  zfC2H2
0  0.254177  0.375415  0.138107  0.232300  N
1  0.185434  0.524632  0.100755  0.189180  N
2  0.064260  0.856568  0.018046  0.061126  C
3  0.076127  0.918184  0.000871  0.004818  C
4  0.000035  0.999903  0.000001  0.000061  C
5  0.544526  0.061554  0.372380  0.021540  R
6  0.101074  0.703347  0.000022  0.195557  C
7  0.211246  0.200943  0.344820  0.242991  N
XX
DE  T078167_2.00  zfC2H2
0  0.238998  0.182447  0.218428  0.360127  N
1  0.230959  0.070969  0.627810  0.070262  G
2  0.046287  0.884357  0.032946  0.036411  C
3  0.022695  0.050006  0.000125  0.927174  T
4  0.265142  0.164066  0.450459  0.120333  N
5  0.636378  0.322400  0.013678  0.027544  A
6  0.034332  0.000231  0.959165  0.006272  G
7  0.024044  0.713297  0.121498  0.141161  C
8  0.458570  0.158874  0.184586  0.197970  N
9  0.243666  0.261334  0.256159  0.238841  N
XX
DE  T094977_2.00  zfC2H2
0  0.320564  0.286808  0.239589  0.153038  N
1  0.179071  0.278744  0.071975  0.470211  N
2  0.305697  0.000988  0.693316  0.000000  G
3  0.000088  0.999048  0.000265  0.000600  C
4  0.999629  0.000000  0.000371  0.000000  A
5  0.000000  1.000000  0.000000  0.000000  C
6  0.998819  0.000441  0.000670  0.000071  A
7  0.004516  0.945038  0.002053  0.048393  C
8  0.411791  0.326069  0.250459  0.011681  N
9  0.010243  0.982580  0.002108  0.005069  C
10  0.037156  0.010326  0.058101  0.894417  T
11  0.025469  0.068808  0.798108  0.107615  G
12  0.583304  0.170059  0.099163  0.147474  N
13  0.645600  0.342701  0.002094  0.009605  A
14  0.991082  0.003329  0.003679  0.001910  A
15  0.584992  0.164106  0.146229  0.104673  N
16  0.356472  0.233413  0.111625  0.298490  N
XX
DE  T129448_2.00  zfC2H2
0  0.133385  0.544314  0.111173  0.211128  N
1  0.215529  0.517149  0.146587  0.120734  N
2  0.008077  0.983765  0.000080  0.008077  C
3  0.039436  0.936792  0.023693  0.000079  C
4  0.133895  0.795104  0.070923  0.000079  C
5  0.055179  0.921049  0.023693  0.000079  C
6  0.253967  0.103221  0.603062  0.039749  G
7  0.067378  0.797866  0.057766  0.076990  C
XX
DE  T144853_2.00  zfC2H2
0  0.189255  0.351242  0.162257  0.297246  N
1  0.455996  0.526122  0.017707  0.000175  M
2  0.014217  0.000141  0.070524  0.915118  T
3  0.000137  0.985898  0.000137  0.013828  C
4  0.000137  0.999589  0.000137  0.000137  C
5  0.000137  0.999589  0.000137  0.000137  C
6  0.000137  0.013828  0.000137  0.985898  T
7  0.071556  0.018023  0.321378  0.589044  K
XX
DE  T131846_2.00  zfC2H2
0  0.140000  0.170000  0.200000  0.490000  N
1  0.000000  0.000000  1.000000  0.000000  G
2  0.000000  1.000000  0.000000  0.000000  C
3  0.000000  0.000000  0.100000  0.900000  T
4  0.000000  0.000000  1.000000  0.000000  G
5  0.010000  0.060000  0.920000  0.010000  G
6  0.050505  0.212121  0.282828  0.454545  N
XX
DE  T095232_2.00  zfC2H2
0  0.399222  0.088378  0.354243  0.158157  N
1  0.162443  0.073222  0.016933  0.747402  T
2  0.002359  0.968392  0.002005  0.027244  C
3  0.004651  0.003816  0.973286  0.018247  G
4  0.002408  0.007946  0.985312  0.004334  G
5  0.000355  0.972577  0.006619  0.020449  C
6  0.006404  0.389923  0.000967  0.602707  T
7  0.902370  0.035726  0.030895  0.031008  A
8  0.834054  0.122509  0.021402  0.022035  A
9  0.001702  0.303391  0.298043  0.396864  N
10  0.490215  0.042543  0.187432  0.279810  N
11  0.001757  0.960178  0.003982  0.034083  C
12  0.002169  0.000000  0.934796  0.063035  G
13  0.000000  0.013919  0.985361  0.000720  G
14  0.048269  0.888828  0.024899  0.038004  C
15  0.675369  0.155036  0.070188  0.099408  A
16  0.243647  0.215319  0.197082  0.343951  N
XX
DE  T131562_2.00  zfC2H2
0  0.324441  0.053630  0.503762  0.118167  R
1  0.063423  0.734966  0.001310  0.200302  C
2  0.272717  0.216683  0.310578  0.200023  N
3  0.109808  0.326600  0.262102  0.301490  N
4  0.409532  0.133622  0.055424  0.401422  W
5  0.114193  0.029901  0.107543  0.748363  T
6  0.165220  0.669999  0.051794  0.112987  C
7  0.300864  0.360199  0.161848  0.177090  N
8  0.219733  0.279336  0.145826  0.355105  N
9  0.226599  0.240611  0.162908  0.369882  N
XX
DE  T082423_2.00  zfC2H2
0  0.058435  0.827096  0.028161  0.086308  C
1  0.005904  0.833480  0.000546  0.160070  C
2  0.004179  0.992341  0.001116  0.002363  C
3  0.004615  0.981714  0.001127  0.012545  C
4  0.002236  0.008711  0.002191  0.986862  T
5  0.414713  0.037248  0.264433  0.283606  N
6  0.314298  0.043395  0.097548  0.544759  W
7  0.300295  0.238595  0.139041  0.322069  N
8  0.225385  0.241728  0.168648  0.364239  N
XX
DE  T095047_2.00  zfC2H2
0  0.322825  0.388398  0.155107  0.133670  N
1  0.059618  0.192351  0.064117  0.683914  T
2  0.705408  0.087457  0.000000  0.207135  A
3  0.803629  0.089648  0.035219  0.071505  A
4  0.053202  0.125123  0.779310  0.042365  G
5  0.041212  0.552727  0.009697  0.396364  Y
6  0.017744  0.980989  0.001267  0.000000  C
7  0.019441  0.955043  0.015796  0.009721  C
8  0.004843  0.953995  0.026634  0.014528  C
9  0.085506  0.054223  0.813347  0.046924  G
10  0.000000  0.977860  0.000000  0.022140  C
11  0.006017  0.954272  0.031288  0.008424  C
12  0.027913  0.939320  0.000000  0.032767  C
13  0.483754  0.469314  0.026474  0.020457  M
14  0.027397  0.845579  0.001245  0.125778  C
15  0.130852  0.265306  0.000000  0.603842  T
16  0.189155  0.255990  0.110971  0.443884  N
XX
DE  T094796_2.00  zfC2H2
0  0.202098  0.284672  0.285584  0.227646  N
1  0.367282  0.173882  0.410575  0.048261  N
2  0.171799  0.661836  0.100241  0.066123  C
3  0.141084  0.715872  0.097322  0.045722  C
4  0.844376  0.109399  0.023112  0.023112  A
5  0.000000  0.989170  0.000000  0.010830  C
6  0.318408  0.000000  0.681592  0.000000  G
7  0.000000  1.000000  0.000000  0.000000  C
8  0.010979  0.962670  0.026350  0.000000  C
9  0.030355  0.937153  0.005130  0.027362  C
10  0.435675  0.303376  0.023723  0.237226  N
XX
DE  T128342_2.00  zfC2H2
0  0.372672  0.160886  0.416006  0.050436  N
1  0.076780  0.829599  0.008767  0.084855  C
2  0.008563  0.005194  0.970165  0.016078  G
3  0.001140  0.993504  0.003862  0.001494  C
4  0.000158  0.999768  0.000001  0.000073  C
5  0.905574  0.030526  0.033068  0.030832  A
6  0.000401  0.979249  0.000329  0.020021  C
7  0.343193  0.333050  0.135408  0.188348  N
8  0.401867  0.171764  0.236541  0.189829  N
9  0.319641  0.225247  0.223006  0.232107  N
XX
DE  T078179_2.00  zfC2H2
0  0.230316  0.216903  0.212608  0.340172  N
1  0.134004  0.677133  0.040767  0.148097  C
2  0.009892  0.019921  0.964648  0.005539  G
3  0.003199  0.995097  0.000429  0.001275  C
4  0.001592  0.997513  0.000865  0.000029  C
5  0.789084  0.055195  0.084849  0.070872  A
6  0.006003  0.955482  0.007259  0.031256  C
7  0.223942  0.420476  0.090142  0.265440  N
8  0.247333  0.311293  0.230611  0.210763  N
XX
DE  T094932_2.00  zfC2H2
0  0.190879  0.355446  0.276352  0.177324  N
1  0.359409  0.229869  0.326696  0.084026  N
2  0.124731  0.710434  0.085080  0.079755  C
3  0.125032  0.800077  0.036106  0.038785  C
4  0.707975  0.191480  0.067986  0.032559  A
5  0.009811  0.961368  0.000000  0.028821  C
6  0.360936  0.005753  0.591436  0.041875  R
7  0.000000  0.995713  0.000000  0.004287  C
8  0.032263  0.958869  0.003670  0.005199  C
9  0.007207  0.903863  0.022341  0.066590  C
10  0.410845  0.267783  0.067943  0.253429  N
XX
DE  CG12236-PB  zfC2H2
0  0.263804  0.393582  0.186881  0.155734  N
1  0.153519  0.504487  0.111006  0.230987  N
2  0.014623  0.000472  0.011792  0.973113  T
3  0.000471  0.000471  0.000471  0.998586  T
4  0.000471  0.998586  0.000471  0.000471  C
5  0.000471  0.998586  0.000471  0.000471  C
6  0.935377  0.063679  0.000472  0.000472  A
7  0.312087  0.049103  0.524079  0.114731  R
8  0.126475  0.310524  0.130250  0.432751  N
9  0.200000  0.256604  0.372170  0.171226  N
XX
DE  T131857_2.00  zfC2H2
0  0.170000  0.170000  0.300000  0.360000  N
1  0.000000  0.000000  1.000000  0.000000  G
2  1.000000  0.000000  0.000000  0.000000  A
3  0.000000  0.000000  0.000000  1.000000  T
4  0.000000  0.600000  0.000000  0.400000  C
5  0.110000  0.000000  0.260000  0.630000  T
6  0.650000  0.000000  0.260000  0.090000  A
7  0.000000  1.000000  0.000000  0.000000  C
8  0.414141  0.111111  0.363636  0.111111  N
XX
DE  T101064_2.00  zfC2H2
0  0.126205  0.449849  0.241868  0.182078  N
1  0.115512  0.455572  0.265060  0.163855  N
2  0.116114  0.515813  0.167470  0.200602  N
3  0.159639  0.449849  0.132982  0.257530  N
4  0.205271  0.315512  0.367169  0.112048  N
5  0.092771  0.239157  0.553916  0.114157  N
6  0.037048  0.734639  0.133132  0.095181  C
7  0.056325  0.719277  0.034940  0.189458  C
8  0.106325  0.871687  0.014759  0.007229  C
9  0.031024  0.890211  0.034337  0.044428  C
10  0.087349  0.050602  0.627560  0.234488  G
11  0.004518  0.966265  0.019578  0.009639  C
12  0.009940  0.977410  0.010241  0.002410  C
13  0.004217  0.854819  0.002410  0.138554  C
14  0.165964  0.638253  0.075000  0.120783  C
15  0.073795  0.554669  0.199699  0.171837  N
16  0.115211  0.389307  0.219277  0.276205  N
17  0.112952  0.439006  0.220030  0.228012  N
18  0.131175  0.474849  0.218373  0.175602  N
19  0.147365  0.418599  0.226431  0.207605  N
XX
DE  T144848_2.00  zfC2H2
0  0.265928  0.228887  0.211289  0.293896  N
1  0.267198  0.188291  0.379172  0.165338  N
2  0.206530  0.090962  0.483207  0.219301  N
3  0.631133  0.066521  0.088016  0.214330  A
4  0.002492  0.956504  0.000015  0.040988  C
5  0.006556  0.992606  0.000082  0.000756  C
6  0.027586  0.950807  0.001170  0.020436  C
7  0.018282  0.306716  0.025685  0.649317  T
8  0.207707  0.082775  0.345892  0.363626  N
9  0.364432  0.162121  0.275432  0.198015  N
XX
DE  T120801_2.00  zfC2H2
0  0.262201  0.232551  0.284039  0.221210  N
1  0.066613  0.512294  0.272844  0.148250  N
2  0.080690  0.765568  0.032157  0.121585  C
3  0.008572  0.990746  0.000076  0.000606  C
4  0.000314  0.984141  0.000185  0.015360  C
5  0.000266  0.000253  0.000269  0.999211  T
6  0.048270  0.027298  0.697012  0.227421  G
7  0.592394  0.039024  0.233731  0.134851  R
XX
DE  T101081_2.00  zfC2H2
0  0.138554  0.481928  0.218876  0.160643  N
1  0.134538  0.530120  0.242972  0.092369  N
2  0.168675  0.495984  0.204819  0.130522  N
3  0.273092  0.162651  0.381526  0.182731  N
4  0.148594  0.148594  0.618474  0.084337  G
5  0.070281  0.843373  0.010040  0.076305  C
6  0.042169  0.755020  0.018072  0.184739  C
7  0.244980  0.724900  0.026104  0.004016  C
8  0.004016  0.981928  0.006024  0.008032  C
9  0.271084  0.000000  0.642570  0.086345  G
10  0.002008  0.985944  0.008032  0.004016  C
11  0.002008  0.991968  0.000000  0.006024  C
12  0.000000  0.965863  0.000000  0.034137  C
13  0.251004  0.359438  0.044177  0.345382  N
14  0.110442  0.315261  0.246988  0.327309  N
15  0.072289  0.495984  0.186747  0.244980  N
16  0.112450  0.423695  0.204819  0.259036  N
17  0.088353  0.461847  0.222892  0.226908  N
18  0.126506  0.471888  0.188755  0.212851  N
XX
DE  T117214_2.00  zfC2H2
0  0.278022  0.424289  0.198014  0.099675  N
1  0.039514  0.037290  0.027540  0.895655  T
2  0.000570  0.994114  0.001329  0.003987  C
3  0.958272  0.032028  0.005307  0.004392  A
4  0.000000  0.996005  0.000000  0.003995  C
5  0.010471  0.010291  0.945297  0.033941  G
6  0.003975  0.991104  0.002082  0.002839  C
7  0.008658  0.985507  0.001506  0.004329  C
8  0.000000  0.711027  0.004074  0.284900  C
9  0.345618  0.391255  0.029406  0.233722  N
10  0.157927  0.541524  0.073431  0.227118  N
11  0.222074  0.375979  0.182165  0.219782  N
XX
DE  T144838_2.00  zfC2H2
0  0.273237  0.176936  0.187738  0.362088  N
1  0.431108  0.211968  0.249341  0.107583  N
2  0.044023  0.904357  0.000665  0.050954  C
3  0.004780  0.920178  0.000000  0.075042  C
4  0.007516  0.991760  0.000000  0.000725  C
5  0.032373  0.942469  0.006180  0.018978  C
6  0.001128  0.018184  0.021864  0.958823  T
7  0.091522  0.039079  0.526572  0.342827  K
8  0.502575  0.085487  0.262156  0.149782  N
9  0.279715  0.278493  0.205221  0.236571  N
XX
DE  T144868_2.00  zfC2H2
0  0.235888  0.250475  0.255534  0.258103  N
1  0.227176  0.243648  0.283079  0.246097  N
2  0.221633  0.165840  0.384145  0.228382  N
3  0.291276  0.438900  0.176668  0.093156  N
4  0.036245  0.728008  0.002916  0.232831  C
5  0.069544  0.917783  0.002779  0.009894  C
6  0.028632  0.957674  0.000169  0.013525  C
7  0.621766  0.028010  0.287886  0.062338  A
8  0.000020  0.778939  0.043726  0.177316  C
XX
DE  CG32830  zfC2H2
0  0.218182  0.194805  0.329870  0.257143  N
1  0.191682  0.218806  0.296564  0.292948  N
2  0.202532  0.179024  0.278481  0.339964  N
3  0.130199  0.197107  0.307414  0.365280  N
4  0.094033  0.224232  0.341772  0.339964  N
5  0.213382  0.182640  0.282098  0.321881  N
6  0.132007  0.173599  0.347197  0.347197  N
7  0.477396  0.039783  0.242315  0.240506  N
8  0.001808  0.012658  0.001808  0.983725  T
9  0.001808  0.001808  0.001808  0.994575  T
10  0.992767  0.003617  0.001808  0.001808  A
11  0.969259  0.027125  0.001808  0.001808  A
12  0.001808  0.209765  0.001808  0.786618  T
13  0.074141  0.625678  0.173599  0.126582  C
14  0.433996  0.059674  0.358047  0.148282  N
15  0.180832  0.207957  0.311031  0.300181  N
16  0.227848  0.207957  0.249548  0.314647  N
17  0.236890  0.193490  0.274864  0.294756  N
18  0.179024  0.202532  0.282098  0.336347  N
19  0.103074  0.211573  0.365280  0.320072  N
20  0.150090  0.231465  0.347197  0.271248  N
21  0.204340  0.206148  0.309222  0.280289  N
22  0.205829  0.233151  0.320583  0.240437  N
23  0.169742  0.250922  0.341328  0.238007  N
XX
DE  T095409_2.00  zfC2H2
0  0.638054  0.042442  0.198736  0.120768  A
1  0.015632  0.000350  0.978651  0.005366  G
2  0.000000  1.000000  0.000000  0.000000  C
3  0.000000  0.000000  0.005925  0.994075  T
4  0.001071  0.000000  0.998215  0.000714  G
5  0.476100  0.005245  0.378710  0.139945  R
6  0.598760  0.000954  0.397068  0.003219  R
7  0.001189  0.997503  0.000238  0.001070  C
8  0.000595  0.998691  0.000000  0.000714  C
9  0.000000  0.000238  0.999762  0.000000  G
10  0.000119  0.999762  0.000000  0.000119  C
11  0.055494  0.163446  0.772041  0.009019  G
12  0.031982  0.486317  0.046049  0.435652  Y
13  0.295828  0.304648  0.211800  0.187723  N
XX
DE  T101215_2.00  zfC2H2
0  0.173335  0.642411  0.111634  0.072619  C
1  0.211795  0.731883  0.000306  0.056015  C
2  0.000178  0.998869  0.000611  0.000342  C
3  0.008035  0.966610  0.000729  0.024626  C
4  0.000177  0.983368  0.001106  0.015348  C
5  0.025688  0.959145  0.000784  0.014383  C
6  0.128322  0.753360  0.013257  0.105061  C
7  0.466398  0.248400  0.143314  0.141888  N
8  0.195656  0.352961  0.122285  0.329098  N
9  0.288778  0.216082  0.220447  0.274694  N
XX
DE  T094882_2.00  zfC2H2
0  0.260010  0.404460  0.123670  0.211860  N
1  0.404671  0.433121  0.056476  0.105732  M
2  0.005278  0.946737  0.015355  0.032630  C
3  0.251462  0.010071  0.641001  0.097466  G
4  0.000000  0.997472  0.002528  0.000000  C
5  0.002023  0.997977  0.000000  0.000000  C
6  0.011820  0.777384  0.001970  0.208826  C
7  0.860070  0.138187  0.001744  0.000000  A
8  0.000000  0.998482  0.000000  0.001518  C
9  0.155957  0.028520  0.712274  0.103249  G
10  0.007909  0.866872  0.015378  0.109842  C
11  0.418363  0.188507  0.234097  0.159033  N
12  0.239230  0.397364  0.149518  0.213888  N
XX
DE  T131601_2.00  zfC2H2
0  0.260133  0.221671  0.247446  0.270749  N
1  0.259622  0.194266  0.264867  0.281245  N
2  0.227287  0.077186  0.356456  0.339072  N
3  0.065470  0.855419  0.046600  0.032511  C
4  0.044926  0.013263  0.039449  0.902361  T
5  0.160036  0.031356  0.569863  0.238745  K
6  0.445816  0.052452  0.252120  0.249612  N
7  0.847867  0.059903  0.012971  0.079259  A
8  0.871246  0.039249  0.007242  0.082263  A
9  0.239707  0.295721  0.194303  0.270269  N
XX
DE  T095027_2.00  zfC2H2
0  0.343794  0.152327  0.374824  0.129055  N
1  0.204684  0.577597  0.094705  0.123014  N
2  0.082925  0.816585  0.009502  0.090988  C
3  0.699729  0.278559  0.005428  0.016284  A
4  0.001394  0.988153  0.002787  0.007666  C
5  0.076712  0.028615  0.863318  0.031355  G
6  0.002093  0.989187  0.000000  0.008720  C
7  0.002095  0.990224  0.006285  0.001397  C
8  0.000941  0.889586  0.011292  0.098181  C
9  0.446848  0.442458  0.006272  0.104421  M
10  0.071626  0.667384  0.056871  0.204119  C
11  0.224260  0.383639  0.096968  0.295134  N
XX
DE  T095129_2.00  zfC2H2
0  0.083333  0.500000  0.000000  0.416667  Y
1  0.208333  0.000000  0.666667  0.125000  G
2  0.250000  0.666667  0.083333  0.000000  C
3  0.000000  1.000000  0.000000  0.000000  C
4  0.000000  1.000000  0.000000  0.000000  C
5  0.000000  0.958333  0.041667  0.000000  C
6  0.000000  1.000000  0.000000  0.000000  C
7  0.333333  0.000000  0.000000  0.666667  T
8  0.125000  0.000000  0.625000  0.250000  G
9  0.541667  0.125000  0.333333  0.000000  R
10  0.166667  0.833333  0.000000  0.000000  C
11  0.791667  0.166667  0.000000  0.041667  A
XX
DE  T078228_2.00  zfC2H2
0  0.405205  0.191405  0.155150  0.248239  N
1  0.012796  0.971781  0.003252  0.012172  C
2  0.001748  0.896649  0.000244  0.101359  C
3  0.003474  0.987573  0.007809  0.001145  C
4  0.007101  0.992574  0.000046  0.000278  C
5  0.507195  0.000100  0.468200  0.024505  R
6  0.034159  0.692999  0.169191  0.103651  C
7  0.533442  0.115509  0.198215  0.152834  N
8  0.248537  0.246064  0.141967  0.363432  N
9  0.249168  0.197972  0.162086  0.390773  N
XX
DE  T078154_2.00  zfC2H2
0  0.240604  0.037658  0.421001  0.300737  N
1  0.649334  0.011549  0.327568  0.011549  A
2  0.000054  0.989029  0.010863  0.000054  C
3  0.000054  0.010863  0.989029  0.000054  G
4  0.000054  0.967413  0.032479  0.000054  C
5  0.043761  0.934277  0.005518  0.016444  C
6  0.520474  0.239729  0.226034  0.013763  N
7  0.237629  0.504850  0.079276  0.178246  N
XX
DE  T095243_2.00  zfC2H2
0  0.105477  0.488844  0.292089  0.113590  N
1  0.121704  0.452333  0.180527  0.245436  N
2  0.184584  0.131846  0.551724  0.131846  N
3  0.032454  0.056795  0.797160  0.113590  G
4  0.000000  1.000000  0.000000  0.000000  C
5  0.000000  0.000000  0.000000  1.000000  T
6  0.000000  1.000000  0.000000  0.000000  C
7  0.133874  0.683570  0.008114  0.174442  C
8  0.784990  0.040568  0.146045  0.028398  A
9  0.012170  0.022312  0.663286  0.302231  G
10  0.172414  0.651116  0.176471  0.000000  C
11  0.399594  0.097363  0.322515  0.180527  N
12  0.028398  0.630832  0.030426  0.310345  C
13  0.105477  0.683570  0.068966  0.141988  C
14  0.160243  0.367140  0.235294  0.237323  N
XX
DE  T094987_2.00  zfC2H2
0  0.210765  0.108136  0.625544  0.055556  G
1  0.302063  0.576256  0.059156  0.062526  M
2  0.030382  0.941637  0.004704  0.023278  C
3  0.846814  0.075103  0.077812  0.000271  A
4  0.011721  0.980399  0.000148  0.007732  C
5  0.665517  0.000542  0.307184  0.026757  A
6  0.000050  0.999850  0.000100  0.000000  C
7  0.000000  1.000000  0.000000  0.000000  C
8  0.000000  0.897491  0.000000  0.102509  C
9  0.339544  0.513163  0.026416  0.120877  M
10  0.044274  0.621824  0.036500  0.297402  C
11  0.139385  0.159640  0.583646  0.117329  N
12  0.310165  0.479859  0.056938  0.153038  N
13  0.042389  0.924652  0.008240  0.024719  C
14  0.870762  0.071478  0.056522  0.001239  A
15  0.007976  0.978928  0.000000  0.013096  C
16  0.552606  0.003054  0.417693  0.026648  R
17  0.000600  0.998901  0.000450  0.000050  C
18  0.001297  0.998054  0.000299  0.000349  C
19  0.000450  0.849516  0.000450  0.149584  C
20  0.375509  0.469978  0.010507  0.144007  M
21  0.044249  0.791194  0.017249  0.147309  C
XX
DE  T114428_2.00  zfC2H2
0  0.708333  0.125000  0.166667  0.000000  A
1  0.000000  1.000000  0.000000  0.000000  C
2  0.000000  0.000000  0.000000  1.000000  T
3  0.000000  0.000000  0.000000  1.000000  T
4  0.041667  0.000000  0.000000  0.958333  T
5  0.000000  1.000000  0.000000  0.000000  C
6  0.333333  0.041667  0.083333  0.541667  W
7  0.000000  0.916667  0.000000  0.083333  C
8  0.000000  0.583333  0.041667  0.375000  Y
XX
DE  T101456_2.00  zfC2H2
0  0.259860  0.156045  0.411638  0.172456  N
1  0.231178  0.470215  0.130737  0.167870  N
2  0.193153  0.514647  0.102872  0.189328  N
3  0.506834  0.346604  0.086331  0.060231  M
4  0.001945  0.997699  0.000031  0.000325  C
5  0.302468  0.000039  0.621399  0.076094  G
6  0.000034  0.999566  0.000026  0.000374  C
7  0.000063  0.999931  0.000005  0.000002  C
8  0.022471  0.790168  0.000148  0.187213  C
9  0.391927  0.223872  0.124099  0.260102  N
XX
DE  T144849_2.00  zfC2H2
0  0.171974  0.307153  0.259134  0.261738  N
1  0.176120  0.141339  0.539781  0.142760  N
2  0.201468  0.325587  0.241201  0.231743  N
3  0.242179  0.354135  0.186733  0.216953  N
4  0.187487  0.174811  0.494579  0.143123  N
5  0.781030  0.071565  0.138464  0.008941  A
6  0.008899  0.010236  0.050195  0.930671  T
7  0.046751  0.849653  0.086906  0.016690  C
8  0.257316  0.290123  0.290123  0.162439  N
9  0.191340  0.312327  0.250648  0.245685  N
XX
DE  T131836_2.00  zfC2H2
0  0.320000  0.350000  0.150000  0.180000  N
1  0.010000  0.970000  0.010000  0.010000  C
2  0.000000  1.000000  0.000000  0.000000  C
3  0.000000  1.000000  0.000000  0.000000  C
4  0.000000  1.000000  0.000000  0.000000  C
5  0.460000  0.030000  0.500000  0.010000  R
6  0.050505  0.575758  0.303030  0.070707  S
XX
DE  T094848_2.00  zfC2H2
0  0.178391  0.061375  0.614161  0.146074  G
1  0.561930  0.013951  0.419423  0.004696  R
2  0.030448  0.913408  0.041258  0.014886  C
3  0.006751  0.980041  0.005618  0.007589  C
4  0.602825  0.015928  0.371806  0.009440  A
5  0.048158  0.921385  0.000447  0.030011  C
6  0.086544  0.006809  0.881937  0.024709  G
7  0.004645  0.994643  0.000713  0.000000  C
8  0.001914  0.997418  0.000669  0.000000  C
9  0.001726  0.969889  0.001076  0.027308  C
10  0.393652  0.233454  0.034999  0.337895  N
XX
DE  sqz  zfC2H2
0  0.301683  0.334135  0.235577  0.128606  N
