TF	10_TGG_KSVMQ
TF Name	10_TGG_KSVMQ
Motif	M1_chu
Pos	A	C	G	T
1	0.100069	0.511421	0.134036	0.254473
2	0.103055	0.324410	0.139079	0.433456
3	0.068008	0.931992	0.000000	0.000000
4	1.000000	0.000000	0.000000	0.000000
5	0.000000	0.000000	0.000000	1.000000
6	0.000000	0.000000	0.000000	1.000000
7	0.998649	0.000000	0.000000	0.001351
8	0.443083	0.014162	0.431637	0.111119
9	0.130417	0.164408	0.265109	0.440065
10	0.375833	0.110063	0.401370	0.112735


TF	11_TGA_KSVAQ
TF Name	11_TGA_KSVAQ
Motif	M2_chu
Pos	A	C	G	T
1	0.102385	0.540169	0.101137	0.256309
2	0.004714	0.002247	0.002432	0.990608
3	0.198812	0.799871	0.000000	0.001317
4	0.999691	0.000000	0.000309	0.000000
5	0.000000	0.000000	0.000000	1.000000
6	0.000000	0.003518	0.000000	0.996482
7	0.992814	0.000000	0.000000	0.007186
8	0.474094	0.052368	0.313810	0.159728
9	0.176849	0.235577	0.301235	0.286339
10	0.313335	0.179024	0.313316	0.194325


TF	12_TGA_RGVAA
TF Name	12_TGA_RGVAA
Motif	M3_chu
Pos	A	C	G	T
1	0.158380	0.445518	0.150793	0.245309
2	0.019052	0.073357	0.017980	0.889611
3	0.597172	0.396995	0.000167	0.005667
4	1.000000	0.000000	0.000000	0.000000
5	0.000000	0.000000	0.000000	1.000000
6	0.000000	0.000088	0.000000	0.999912
7	0.999509	0.000000	0.000000	0.000491
8	0.488031	0.031325	0.344801	0.135843
9	0.138259	0.276018	0.332770	0.252954
10	0.293220	0.178137	0.322251	0.206392


TF	13_TCT_ATVKA
TF Name	13_TCT_ATVKA
Motif	M4_chu
Pos	A	C	G	T
1	0.219226	0.366208	0.205236	0.209330
2	0.035639	0.086913	0.837599	0.039849
3	0.082430	0.049943	0.861043	0.006584
4	0.994114	0.000000	0.000439	0.005447
5	0.000000	0.002587	0.000119	0.997294
6	0.000900	0.114365	0.000000	0.884735
7	0.868408	0.000112	0.049336	0.082144
8	0.449007	0.062546	0.371097	0.117350
9	0.178427	0.259204	0.279063	0.283305
10	0.300044	0.219535	0.278006	0.202415


TF	14_TCG_KGTQM
TF Name	14_TCG_KGTQM
Motif	M5_chu
Pos	A	C	G	T
1	0.082664	0.639563	0.095668	0.182105
2	0.009845	0.898497	0.008493	0.083166
3	0.153321	0.828992	0.009069	0.008617
4	0.997122	0.000151	0.002727	0.000000
5	0.000166	0.000392	0.000166	0.999277
6	0.000045	0.002034	0.000045	0.997876
7	0.996235	0.000151	0.000151	0.003464
8	0.549169	0.023493	0.324815	0.102524
9	0.106332	0.110263	0.280705	0.502701
10	0.430942	0.123539	0.315946	0.129573


TF	15_TCC_RMIKS
TF Name	15_TCC_RMIKS
Motif	M6_chu
Pos	A	C	G	T
1	0.235332	0.321734	0.246543	0.196391
2	0.061564	0.041574	0.854860	0.042002
3	0.000000	0.000101	0.993661	0.006238
4	0.991627	0.008373	0.000000	0.000000
5	0.004456	0.000000	0.000000	0.995544
6	0.000000	0.000101	0.004624	0.995275
7	0.984649	0.000168	0.000000	0.015183
8	0.485103	0.056073	0.346325	0.112499
9	0.181565	0.275793	0.239806	0.302837
10	0.269311	0.230663	0.288233	0.211793


TF	168_ACG_SRYDR
TF Name	168_ACG_SRYDR
Motif	M7_chu
Pos	A	C	G	T
1	0.288522	0.243270	0.221927	0.246282
2	0.218295	0.123271	0.188719	0.469715
3	0.002728	0.891207	0.006351	0.099714
4	0.000000	0.000000	0.996526	0.003474
5	0.000320	0.044966	0.000000	0.954714
6	0.050443	0.006756	0.003495	0.939306
7	0.945550	0.000000	0.000320	0.054130
8	0.733330	0.067103	0.159989	0.039577
9	0.220775	0.305024	0.258242	0.215959


TF	17_TAT_TRVSA
TF Name	17_TAT_TRVSA
Motif	M8_chu
Pos	A	C	G	T
1	0.146424	0.541143	0.146508	0.165925
2	0.134948	0.109402	0.553070	0.202580
3	0.065058	0.540586	0.000187	0.394169
4	0.951225	0.000112	0.048663	0.000000
5	0.000000	0.000000	0.000000	1.000000
6	0.000000	0.000000	0.001026	0.998974
7	0.997967	0.000410	0.000000	0.001623
8	0.438635	0.022811	0.387865	0.150688
9	0.107477	0.218701	0.232269	0.441553
10	0.341537	0.139700	0.304319	0.214445


TF	18_TAG_RLTQA
TF Name	18_TAG_RLTQA
Motif	M9_chu
Pos	A	C	G	T
1	0.238787	0.243792	0.274655	0.242766
2	0.142039	0.526021	0.142687	0.189253
3	0.000000	0.693866	0.004933	0.301201
4	0.790548	0.101668	0.000000	0.107784
5	0.894656	0.000930	0.104414	0.000000
6	0.000169	0.000169	0.000169	0.999493
7	0.000116	0.201079	0.000116	0.798689
8	0.804705	0.000095	0.000095	0.195104
9	0.430877	0.045035	0.397067	0.127020
10	0.172134	0.169320	0.398640	0.259906


TF	1_TTT_RTVAA
TF Name	1_TTT_RTVAA
Motif	M11_chu
Pos	A	C	G	T
1	0.212549	0.328120	0.189737	0.269593
2	0.105118	0.097361	0.097103	0.700418
3	0.734408	0.249775	0.003684	0.012133
4	1.000000	0.000000	0.000000	0.000000
5	0.000000	0.000000	0.000000	1.000000
6	0.000000	0.000160	0.042527	0.957313
7	0.998138	0.000000	0.001862	0.000000
8	0.411252	0.016198	0.506377	0.066173
9	0.143808	0.319794	0.296946	0.239451
10	0.278712	0.205982	0.295380	0.219926


TF	201_TGC_VRVSQ
TF Name	201_TGC_VRVSQ
Motif	M12_chu
Pos	A	C	G	T
1	0.153772	0.496688	0.154006	0.195534
2	0.138598	0.094808	0.559071	0.207524
3	0.013383	0.982483	0.000000	0.004134
4	0.999713	0.000000	0.000287	0.000000
5	0.000000	0.000239	0.000000	0.999761
6	0.001386	0.106417	0.000000	0.892197
7	0.888278	0.000454	0.104409	0.006859
8	0.551320	0.018640	0.303429	0.126610
9	0.152151	0.253996	0.236199	0.357655
10	0.294966	0.167400	0.340041	0.197593


TF	202_GTG_NAREF
TF Name	202_GTG_NAREF
Motif	M13_chu
Pos	A	C	G	T
1	0.226896	0.301645	0.228136	0.243322
2	0.000845	0.162520	0.000580	0.836055
3	0.994822	0.004840	0.000000	0.000339
4	0.000000	1.000000	0.000000	0.000000
5	0.000000	0.000000	0.000000	1.000000
6	0.000315	0.009558	0.000000	0.990127
7	0.841649	0.019140	0.123869	0.015341
8	0.421284	0.135847	0.331438	0.111431
9	0.345836	0.178217	0.346852	0.129095
10	0.308688	0.213827	0.254374	0.223111


TF	203_GTC_VQKRF
TF Name	203_GTC_VQKRF
Motif	M14_chu
Pos	A	C	G	T
1	0.237024	0.254428	0.272930	0.235618
2	0.061846	0.786412	0.064095	0.087647
3	0.000376	0.000125	0.894958	0.104541
4	0.245373	0.000000	0.000000	0.754627
5	0.000100	0.999900	0.000000	0.000000
6	0.000000	0.000000	0.000000	1.000000
7	0.000000	0.151501	0.000125	0.848373
8	0.852005	0.082826	0.014501	0.050667
9	0.531846	0.096551	0.290430	0.081173


TF	204_GCG_RTDRY
TF Name	204_GCG_RTDRY
Motif	M15_chu
Pos	A	C	G	T
1	0.183855	0.254317	0.180337	0.381491
2	0.138375	0.347506	0.223854	0.290265
3	0.087168	0.293725	0.082341	0.536766
4	0.018302	0.019228	0.001448	0.961022
5	0.998512	0.000000	0.000000	0.001488
6	1.000000	0.000000	0.000000	0.000000
7	0.000000	0.000000	1.000000	0.000000
8	0.603138	0.355109	0.000000	0.041754
9	0.417443	0.238717	0.142801	0.201038
10	0.224236	0.226228	0.329895	0.219641


TF	205_GAA_TQRQW
TF Name	205_GAA_TQRQW
Motif	M16_chu
Pos	A	C	G	T
1	0.239943	0.291808	0.234401	0.233849
2	0.000316	0.000316	0.000316	0.999052
3	0.795872	0.000000	0.003699	0.200428
4	0.000000	1.000000	0.000000	0.000000
5	0.000000	0.000000	0.000000	1.000000
6	0.000000	0.075133	0.000000	0.924867
7	0.695792	0.064424	0.201816	0.037968
8	0.365809	0.144669	0.373792	0.115730
9	0.368340	0.173169	0.316816	0.141675
10	0.334056	0.216287	0.247011	0.202647


TF	207_CTT_ITYGK
TF Name	207_CTT_ITYGK
Motif	M17_chu
Pos	A	C	G	T
1	0.050039	0.181917	0.052523	0.715520
2	0.049825	0.016553	0.033180	0.900441
3	0.684890	0.174613	0.134239	0.006259
4	0.000000	0.000135	0.999865	0.000000
5	0.002762	0.000000	0.000000	0.997238
6	0.000135	0.029904	0.005332	0.964629
7	0.975138	0.005332	0.000135	0.019395
8	0.617954	0.050129	0.202797	0.129119
9	0.249272	0.223612	0.308515	0.218600
10	0.275296	0.235344	0.256670	0.232689


TF	208_CTC_HFNRK
TF Name	208_CTC_HFNRK
Motif	M18_chu
Pos	A	C	G	T
1	0.176391	0.340828	0.260127	0.222654
2	0.184189	0.132117	0.039749	0.643945
3	0.009665	0.000000	0.000000	0.990335
4	0.926729	0.000000	0.041177	0.032094
5	1.000000	0.000000	0.000000	0.000000
6	0.000000	0.459671	0.540329	0.000000
7	0.098798	0.075098	0.002701	0.823403
8	0.544725	0.455195	0.000026	0.000053
9	0.086697	0.181860	0.644371	0.087071
10	0.156916	0.335771	0.210353	0.296960


TF	209_CGC_PRDSR
TF Name	209_CGC_PRDSR
Motif	M19_chu
Pos	A	C	G	T
1	0.163337	0.522146	0.155296	0.159221
2	0.290867	0.115006	0.414506	0.179621
3	0.000873	0.232053	0.000000	0.767074
4	0.000092	0.000000	0.999908	0.000000
5	0.000000	0.000000	0.000000	1.000000
6	0.045455	0.032907	0.000000	0.921638
7	0.990440	0.000000	0.000689	0.008870
8	0.738533	0.023761	0.213485	0.024221
9	0.241925	0.320894	0.198449	0.238732
10	0.283265	0.218524	0.265093	0.233118


TF	20_TAC_QRVSA
TF Name	20_TAC_QRVSA
Motif	M20_chu
Pos	A	C	G	T
1	0.081346	0.730457	0.081406	0.106791
2	0.089626	0.062178	0.720370	0.127826
3	0.068036	0.442491	0.000161	0.489312
4	0.981429	0.000602	0.017313	0.000656
5	0.000067	0.000067	0.000067	0.999799
6	0.000054	0.013190	0.000120	0.986636
7	0.979128	0.000736	0.009794	0.010342
8	0.474138	0.044968	0.388242	0.092652
9	0.150439	0.224141	0.171340	0.454080
10	0.337409	0.142748	0.349163	0.170681


TF	210_CCG_RSNQK
TF Name	210_CCG_RSNQK
Motif	M21_chu
Pos	A	C	G	T
1	0.223965	0.323582	0.222919	0.229535
2	0.030423	0.196296	0.062374	0.710907
3	0.207986	0.000000	0.776482	0.015532
4	0.000000	0.007555	0.992445	0.000000
5	0.000000	0.000000	0.000000	1.000000
6	0.017174	0.004669	0.000000	0.978157
7	0.988387	0.000868	0.003332	0.007414
8	0.672806	0.033714	0.201394	0.092086
9	0.243462	0.269028	0.303507	0.184004
10	0.284958	0.227749	0.268244	0.219048


TF	211_ATT_TKNQN
TF Name	211_ATT_TKNQN
Motif	M22_chu
Pos	A	C	G	T
1	0.253672	0.242161	0.258723	0.245444
2	0.235798	0.256154	0.246735	0.261312
3	0.001434	0.998127	0.000000	0.000439
4	0.995201	0.000556	0.002839	0.001405
5	0.972404	0.000029	0.027566	0.000000
6	0.000000	0.000000	0.000117	0.999883
7	0.000000	0.656737	0.000000	0.343263
8	0.327256	0.000029	0.000059	0.672656
9	0.201877	0.009471	0.734017	0.054636
10	0.076660	0.082862	0.750725	0.089753


TF	212_ATA_RVTNA
TF Name	212_ATA_RVTNA
Motif	M23_chu
Pos	A	C	G	T
1	0.253210	0.340646	0.210681	0.195463
2	0.075521	0.115178	0.060981	0.748320
3	0.759567	0.191962	0.004195	0.044276
4	0.970800	0.002326	0.025793	0.001081
5	0.009910	0.000000	0.000055	0.990035
6	0.000000	0.093847	0.008940	0.897214
7	0.913737	0.002968	0.007401	0.075894
8	0.423043	0.077277	0.330707	0.168973
9	0.131225	0.351270	0.308907	0.208597


TF	213_AGG_KMKES
TF Name	213_AGG_KMKES
Motif	M24_chu
Pos	A	C	G	T
1	0.117060	0.541301	0.107466	0.234173
2	0.000694	0.997840	0.000694	0.000772
3	0.086690	0.913310	0.000000	0.000000
4	0.002551	0.997449	0.000000	0.000000
5	0.000000	0.000000	0.000000	1.000000
6	0.003615	0.034096	0.000000	0.962289
7	0.914218	0.015908	0.003402	0.066472
8	0.565061	0.086226	0.282318	0.066395
9	0.258198	0.200954	0.313048	0.227799
10	0.305858	0.197546	0.277107	0.219489


TF	215_TTC_KRLAA
TF Name	215_TTC_KRLAA
Motif	M25_chu
Pos	A	C	G	T
1	0.176377	0.278413	0.221930	0.323279
2	0.249117	0.261019	0.246334	0.243530
3	0.079489	0.360926	0.113233	0.446352
4	0.070160	0.013133	0.000385	0.916322
5	0.969186	0.000000	0.030814	0.000000
6	1.000000	0.000000	0.000000	0.000000
7	0.000000	0.020457	0.000000	0.979543
8	0.014135	0.000000	0.130246	0.855619
9	0.945938	0.021844	0.016857	0.015361
10	0.252703	0.230909	0.272036	0.244352


TF	216_TGC_NRVMM
TF Name	216_TGC_NRVMM
Motif	M26_chu
Pos	A	C	G	T
1	0.125535	0.506123	0.125261	0.243081
2	0.076498	0.040242	0.677378	0.205882
3	0.001800	0.997672	0.000466	0.000062
4	0.999628	0.000000	0.000372	0.000000
5	0.000000	0.000186	0.000000	0.999814
6	0.000000	0.042867	0.000000	0.957133
7	0.954091	0.001707	0.038366	0.005836
8	0.473647	0.040073	0.348243	0.138037
9	0.191869	0.244685	0.255677	0.307769
10	0.305426	0.166489	0.357516	0.170569


TF	217_GGG_KSKEG
TF Name	217_GGG_KSKEG
Motif	M27_chu
Pos	A	C	G	T
1	0.210582	0.290483	0.215791	0.283144
2	0.234206	0.271012	0.213212	0.281570
3	0.060668	0.300544	0.071861	0.566926
4	0.046856	0.016331	0.002798	0.934015
5	0.941697	0.000000	0.056548	0.001755
6	0.989571	0.009208	0.000000	0.001221
7	0.012770	0.000509	0.975173	0.011549
8	0.000076	0.000076	0.946734	0.053114
9	0.011110	0.021998	0.957563	0.009329
10	0.310842	0.117847	0.444715	0.126596


TF	218_CTG_KQNQK
TF Name	218_CTG_KQNQK
Motif	M28_chu
Pos	A	C	G	T
1	0.228937	0.236287	0.299971	0.234805
2	0.213957	0.277302	0.216286	0.292456
3	0.004823	0.311800	0.015734	0.667643
4	0.461671	0.001263	0.532989	0.004077
5	0.001148	0.000000	0.998852	0.000000
6	0.000000	0.000000	0.000000	1.000000
7	0.000000	0.000000	0.000000	1.000000
8	0.983750	0.000000	0.002239	0.014011
9	0.681959	0.032932	0.225487	0.059622
10	0.249657	0.275813	0.289778	0.184753


TF	219_CTG_KVYER
TF Name	219_CTG_KVYER
Motif	M29_chu
Pos	A	C	G	T
1	0.110176	0.473898	0.091240	0.324686
2	0.000817	0.974667	0.003750	0.020767
3	0.054237	0.699660	0.205335	0.040768
4	0.000000	0.000313	0.999687	0.000000
5	0.000000	0.000000	0.000000	1.000000
6	0.000000	0.012674	0.000000	0.987326
7	0.972628	0.000000	0.000000	0.027372
8	0.574922	0.033371	0.322627	0.069079
9	0.174518	0.230923	0.250922	0.343638
10	0.329897	0.169996	0.318030	0.182077


TF	21_TAC_ERVSV
TF Name	21_TAC_ERVSV
Motif	M30_chu
Pos	A	C	G	T
1	0.242306	0.242469	0.280677	0.234548
2	0.039213	0.838324	0.038430	0.084034
3	0.015651	0.000000	0.930756	0.053593
4	0.044884	0.492816	0.000000	0.462300
5	0.989049	0.001390	0.009561	0.000000
6	0.000000	0.000000	0.000000	1.000000
7	0.004883	0.011167	0.000000	0.983950
8	0.984392	0.000550	0.000140	0.014918
9	0.430387	0.111720	0.300569	0.157323
10	0.231084	0.266233	0.188673	0.314010


TF	220_CTG_LTYQK
TF Name	220_CTG_LTYQK
Motif	M31_chu
Pos	A	C	G	T
1	0.266557	0.259207	0.225131	0.249106
2	0.130910	0.258516	0.097947	0.512627
3	0.012784	0.000000	0.000000	0.987216
4	0.993116	0.000000	0.006726	0.000157
5	1.000000	0.000000	0.000000	0.000000
6	0.000000	0.999646	0.000000	0.000354
7	0.045826	0.577807	0.039218	0.337149
8	0.965306	0.028401	0.006018	0.000275
9	0.143626	0.119282	0.611892	0.125200
10	0.243390	0.259971	0.265282	0.231357


TF	221_CTG_RLYQK
TF Name	221_CTG_RLYQK
Motif	M32_chu
Pos	A	C	G	T
1	0.223540	0.220475	0.336686	0.219300
2	0.199182	0.452177	0.196466	0.152174
3	0.000791	0.005073	0.004654	0.989482
4	0.319216	0.070973	0.549262	0.060548
5	0.001257	0.000000	0.998743	0.000000
6	0.000000	0.000047	0.000000	0.999953
7	0.002932	0.010006	0.000000	0.987062
8	0.981943	0.002374	0.000558	0.015125
9	0.649049	0.056530	0.221142	0.073280
10	0.220295	0.240330	0.325202	0.214173


TF	222_CTC_SKYGK
TF Name	222_CTC_SKYGK
Motif	M33_chu
Pos	A	C	G	T
1	0.229928	0.239434	0.314308	0.216330
2	0.124122	0.186349	0.311683	0.377847
3	0.107764	0.000000	0.125667	0.766568
4	0.872676	0.070048	0.055573	0.001703
5	0.000000	0.000000	1.000000	0.000000
6	0.000000	0.000000	0.000000	1.000000
7	0.015257	0.023288	0.000000	0.961455
8	0.982603	0.000161	0.000644	0.016591
9	0.611400	0.091718	0.178217	0.118666
10	0.275729	0.235962	0.279263	0.209046


TF	223_CTC_RTFGK
TF Name	223_CTC_RTFGK
Motif	M34_chu
Pos	A	C	G	T
1	0.206469	0.227306	0.358570	0.207655
2	0.025652	0.159535	0.046527	0.768286
3	0.029833	0.000619	0.049263	0.920285
4	0.807159	0.165710	0.025560	0.001570
5	0.000000	0.000000	1.000000	0.000000
6	0.000000	0.000000	0.000000	1.000000
7	0.020970	0.075050	0.000317	0.903663
8	0.915031	0.008153	0.000876	0.075941
9	0.528442	0.118267	0.211072	0.142219
10	0.342992	0.178107	0.281915	0.196985


TF	224_CCC_IMNSK
TF Name	224_CCC_IMNSK
Motif	M35_chu
Pos	A	C	G	T
1	0.162278	0.438448	0.188932	0.210342
2	0.033249	0.824448	0.073423	0.068880
3	0.498221	0.002056	0.388949	0.110774
4	0.046951	0.095115	0.826721	0.031213
5	0.492632	0.051986	0.453932	0.001450
6	0.000000	0.008146	0.032136	0.959718
7	0.004692	0.008304	0.000000	0.987003
8	0.424975	0.071397	0.424226	0.079402
9	0.294592	0.216526	0.258191	0.230691


TF	225_AAC_SLQRF
TF Name	225_AAC_SLQRF
Motif	M36_chu
Pos	A	C	G	T
1	0.239266	0.252902	0.266425	0.241406
2	0.134461	0.576396	0.134291	0.154853
3	0.009531	0.093670	0.896373	0.000427
4	0.000747	0.059139	0.000107	0.940007
5	0.091145	0.451707	0.025853	0.431294
6	0.000000	0.000000	0.000000	1.000000
7	0.002845	0.235064	0.000000	0.762091
8	0.900818	0.072724	0.011807	0.014651
9	0.536564	0.119059	0.297771	0.046607
10	0.185001	0.263973	0.368617	0.182409


TF	226_TTT_KMISA
TF Name	226_TTT_KMISA
Motif	M37_chu
Pos	A	C	G	T
1	0.136289	0.550966	0.133255	0.179490
2	0.232435	0.113082	0.231894	0.422589
3	0.397059	0.372603	0.003448	0.226891
4	0.986425	0.000000	0.013575	0.000000
5	0.000000	0.000000	0.000000	1.000000
6	0.000000	0.003017	0.000000	0.996983
7	0.987934	0.000000	0.000000	0.012066
8	0.482924	0.071267	0.279627	0.166182
9	0.208224	0.274550	0.250657	0.266569
10	0.299496	0.206491	0.276333	0.217680


TF	227_TTT_YRIAA
TF Name	227_TTT_YRIAA
Motif	M38_chu
Pos	A	C	G	T
1	0.205799	0.207938	0.203739	0.382524
2	0.939683	0.026824	0.002717	0.030776
3	0.998356	0.000000	0.001644	0.000000
4	0.000000	0.000000	0.000000	1.000000
5	0.000000	0.045174	0.000000	0.954826
6	0.945463	0.002540	0.006126	0.045871
7	0.375735	0.126706	0.358352	0.139207
8	0.236229	0.262576	0.301574	0.199621
9	0.389994	0.172049	0.248170	0.189787
10	0.328338	0.228796	0.212860	0.230007


TF	228_TTG_KMLQA
TF Name	228_TTG_KMLQA
Motif	M39_chu
Pos	A	C	G	T
1	0.191974	0.363186	0.175589	0.269251
2	0.011872	0.440303	0.011494	0.536331
3	0.638585	0.249713	0.000000	0.111702
4	0.744503	0.000000	0.255497	0.000000
5	0.000000	0.000000	0.000000	1.000000
6	0.000000	0.027040	0.000000	0.972960
7	0.954621	0.000000	0.000000	0.045379
8	0.423544	0.109982	0.329686	0.136788
9	0.216770	0.245267	0.276100	0.261863
10	0.299877	0.214863	0.276211	0.209050


TF	229_TTC_GRISA
TF Name	229_TTC_GRISA
Motif	M40_chu
Pos	A	C	G	T
1	0.166644	0.469723	0.163827	0.199806
2	0.182692	0.125572	0.457622	0.234114
3	0.184268	0.261645	0.000000	0.554087
4	0.981565	0.000000	0.018435	0.000000
5	0.000000	0.000000	0.000000	1.000000
6	0.000000	0.016615	0.000000	0.983385
7	0.951866	0.001177	0.002462	0.044495
8	0.464856	0.081445	0.297418	0.156281
9	0.182387	0.263041	0.237280	0.317292
10	0.296560	0.186353	0.314024	0.203064


TF	22_TAA_RITAA
TF Name	22_TAA_RITAA
Motif	M41_chu
Pos	A	C	G	T
1	0.160057	0.547706	0.144087	0.148149
2	0.070334	0.068191	0.062450	0.799025
3	0.646494	0.268338	0.000772	0.084397
4	0.951150	0.000276	0.048574	0.000000
5	0.000184	0.000000	0.000000	0.999816
6	0.000081	0.023055	0.000472	0.976393
7	0.992356	0.000173	0.001831	0.005641
8	0.448385	0.008800	0.462127	0.080688
9	0.123490	0.314490	0.305484	0.256536
10	0.331059	0.178999	0.300468	0.189474


TF	230_TGC_ERISQ
TF Name	230_TGC_ERISQ
Motif	M42_chu
Pos	A	C	G	T
1	0.134122	0.559262	0.134042	0.172574
2	0.180265	0.072271	0.543009	0.204455
3	0.007076	0.879180	0.000000	0.113744
4	0.993280	0.000000	0.006720	0.000000
5	0.000000	0.000000	0.000000	1.000000
6	0.000134	0.028191	0.000000	0.971675
7	0.909174	0.000512	0.000312	0.090003
8	0.442294	0.110829	0.236366	0.210511
9	0.256205	0.237867	0.228920	0.277008
10	0.281313	0.209230	0.274811	0.234646


TF	232_TCG_IKNQM
TF Name	232_TCG_IKNQM
Motif	M43_chu
Pos	A	C	G	T
1	0.205973	0.308163	0.252157	0.233708
2	0.072189	0.581891	0.054820	0.291101
3	0.346082	0.604699	0.030449	0.018769
4	0.957263	0.001890	0.040745	0.000101
5	0.000000	0.000000	0.000000	1.000000
6	0.000000	0.002160	0.000000	0.997840
7	0.980826	0.000068	0.017621	0.001485
8	0.526145	0.019816	0.276238	0.177801
9	0.133957	0.281432	0.341023	0.243588
10	0.296994	0.187126	0.293945	0.221934


TF	233_TCG_VMNQQ
TF Name	233_TCG_VMNQQ
Motif	M44_chu
Pos	A	C	G	T
1	0.236356	0.211995	0.291071	0.260577
2	0.104101	0.458599	0.110139	0.327161
3	0.007157	0.807509	0.000106	0.185228
4	0.339330	0.389625	0.125279	0.145766
5	0.854638	0.000000	0.145362	0.000000
6	0.000000	0.000000	0.000000	1.000000
7	0.000000	0.031337	0.000000	0.968663
8	0.889211	0.000000	0.075371	0.035417
9	0.487280	0.050120	0.260499	0.202101
10	0.278322	0.200061	0.318075	0.203543


TF	234_TCA_AMVQR
TF Name	234_TCA_AMVQR
Motif	M45_chu
Pos	A	C	G	T
1	0.239522	0.279363	0.261562	0.219553
2	0.193843	0.414084	0.173988	0.218085
3	0.145999	0.036869	0.000000	0.817133
4	0.155740	0.017357	0.670543	0.156360
5	0.808720	0.000000	0.189243	0.002037
6	0.000000	0.000000	0.000000	1.000000
7	0.000000	0.000000	0.000000	1.000000
8	0.679901	0.000000	0.312926	0.007173
9	0.427318	0.145104	0.287155	0.140424
10	0.234145	0.279990	0.256440	0.229425


TF	235_TAT_RAVSV
TF Name	235_TAT_RAVSV
Motif	M46_chu
Pos	A	C	G	T
1	0.180360	0.264042	0.130034	0.425563
2	0.220842	0.324277	0.270024	0.184857
3	0.122596	0.330702	0.058268	0.488434
4	0.008420	0.000000	0.001457	0.990124
5	0.995513	0.002098	0.000524	0.001865
6	0.998281	0.001719	0.000000	0.000000
7	0.001311	0.002593	0.001835	0.994261
8	0.230946	0.000466	0.720895	0.047693
9	0.242947	0.261900	0.230713	0.264440
10	0.258129	0.231760	0.277205	0.232907


TF	236_TAG_KSTQM
TF Name	236_TAG_KSTQM
Motif	M47_chu
Pos	A	C	G	T
1	0.134382	0.394635	0.130144	0.340839
2	0.040920	0.722748	0.018259	0.218073
3	0.299724	0.612465	0.029021	0.058790
4	0.956870	0.006034	0.037096	0.000000
5	0.000000	0.000000	0.000000	1.000000
6	0.000402	0.033475	0.000000	0.966123
7	0.969714	0.000833	0.000287	0.029165
8	0.497730	0.099793	0.230964	0.171513
9	0.218297	0.243392	0.271582	0.266730
10	0.300281	0.207954	0.284778	0.206987


TF	237_TAG_YAVNA
TF Name	237_TAG_YAVNA
Motif	M48_chu
Pos	A	C	G	T
1	0.222247	0.251701	0.222645	0.303406
2	0.193268	0.262988	0.143125	0.400619
3	0.235663	0.276026	0.333585	0.154726
4	0.098284	0.370871	0.041570	0.489276
5	0.007964	0.005219	0.000000	0.986817
6	0.998642	0.000000	0.001358	0.000000
7	1.000000	0.000000	0.000000	0.000000
8	0.000000	0.000000	0.000000	1.000000
9	0.098887	0.005490	0.511871	0.383752
10	0.313293	0.226424	0.227135	0.233148


TF	238_TAC_QRISV
TF Name	238_TAC_QRISV
Motif	M49_chu
Pos	A	C	G	T
1	0.142040	0.506459	0.145309	0.206192
2	0.180530	0.127445	0.562815	0.129210
3	0.024321	0.372165	0.000000	0.603514
4	0.990244	0.000519	0.008909	0.000328
5	0.000000	0.000191	0.000000	0.999809
6	0.010302	0.018118	0.004700	0.966880
7	0.950156	0.000191	0.000574	0.049079
8	0.510302	0.116576	0.262502	0.110619
9	0.216799	0.225398	0.247727	0.310076
10	0.286848	0.196636	0.294605	0.221911


TF	239_TAA_RTVRA
TF Name	239_TAA_RTVRA
Motif	M50_chu
Pos	A	C	G	T
1	0.246323	0.268180	0.258334	0.227163
2	0.101256	0.680713	0.101082	0.116949
3	0.000061	0.000673	0.016966	0.982301
4	0.571394	0.273255	0.002079	0.153272
5	0.853147	0.100174	0.022835	0.023844
6	0.001192	0.000000	0.000000	0.998808
7	0.000000	0.059304	0.000122	0.940574
8	0.948461	0.000153	0.011097	0.040290
9	0.438922	0.144820	0.236650	0.179609
10	0.243893	0.248849	0.256358	0.250901


TF	23_GTT_GTRAY
TF Name	23_GTT_GTRAY
Motif	M51_chu
Pos	A	C	G	T
1	0.219017	0.332525	0.228118	0.220341
2	0.003594	0.004027	0.012347	0.980031
3	0.979769	0.000325	0.000650	0.019256
4	0.000000	1.000000	0.000000	0.000000
5	0.000000	0.023450	0.000000	0.976550
6	0.000000	0.062343	0.000000	0.937657
7	0.885721	0.022901	0.080029	0.011349
8	0.415149	0.103860	0.379262	0.101729
9	0.284213	0.230031	0.354213	0.131543
10	0.334984	0.213825	0.248543	0.202648


TF	240_GTT_SSRGF
TF Name	240_GTT_SSRGF
Motif	M52_chu
Pos	A	C	G	T
1	0.206447	0.325228	0.215298	0.253028
2	0.031109	0.013264	0.084755	0.870873
3	0.890251	0.000000	0.023442	0.086306
4	0.000000	1.000000	0.000000	0.000000
5	0.000000	0.000000	0.000000	1.000000
6	0.000234	0.069303	0.000000	0.930463
7	0.828500	0.052738	0.095906	0.022857
8	0.432848	0.120753	0.324417	0.121982
9	0.305043	0.252129	0.306799	0.136030
10	0.309151	0.213178	0.253975	0.223696


TF	241_GTT_GLRAF
TF Name	241_GTT_GLRAF
Motif	M53_chu
Pos	A	C	G	T
1	0.216965	0.348080	0.212238	0.222718
2	0.019762	0.010661	0.067120	0.902456
3	0.861443	0.000000	0.021412	0.117145
4	0.000000	1.000000	0.000000	0.000000
5	0.000000	0.000000	0.000000	1.000000
6	0.006014	0.133273	0.000000	0.860714
7	0.682369	0.087654	0.165254	0.064723
8	0.388094	0.155353	0.333850	0.122703
9	0.322885	0.203007	0.333971	0.140137
10	0.298823	0.224650	0.250018	0.226508


TF	242_GTC_LQRGA
TF Name	242_GTC_LQRGA
Motif	M54_chu
Pos	A	C	G	T
1	0.213814	0.326003	0.212758	0.247425
2	0.031359	0.025324	0.100581	0.842735
3	0.956817	0.033043	0.002207	0.007933
4	0.007694	0.969760	0.022546	0.000000
5	0.000000	0.000000	0.000000	1.000000
6	0.024245	0.114219	0.000000	0.861535
7	0.886437	0.021651	0.051831	0.040081
8	0.414589	0.117947	0.351306	0.116158
9	0.254199	0.228579	0.295673	0.221549
10	0.280742	0.226426	0.270648	0.222184


TF	243_GGT_ATKSM
TF Name	243_GGT_ATKSM
Motif	M55_chu
Pos	A	C	G	T
1	0.162151	0.497555	0.153180	0.187114
2	0.108274	0.032961	0.238158	0.620606
3	0.498610	0.322077	0.117638	0.061675
4	0.000000	1.000000	0.000000	0.000000
5	0.000000	0.000000	0.000000	1.000000
6	0.000000	0.049568	0.000000	0.950432
7	0.940069	0.013877	0.003463	0.042591
8	0.573404	0.068450	0.268086	0.090061
9	0.230524	0.209368	0.344801	0.215308
10	0.289450	0.217188	0.279374	0.213988


TF	244_GGT_KMKSV
TF Name	244_GGT_KMKSV
Motif	M56_chu
Pos	A	C	G	T
1	0.174946	0.433461	0.180060	0.211533
2	0.092848	0.009962	0.255428	0.641762
3	0.559491	0.376868	0.043288	0.020353
4	0.000246	0.999754	0.000000	0.000000
5	0.000000	0.000000	0.000000	1.000000
6	0.000492	0.040368	0.000000	0.959140
7	0.879665	0.015987	0.000000	0.104347
8	0.494281	0.082088	0.284388	0.139242
9	0.244051	0.214567	0.328783	0.212599
10	0.276590	0.229201	0.277875	0.216334


TF	245_GCT_RAVKW
TF Name	245_GCT_RAVKW
Motif	M57_chu
Pos	A	C	G	T
1	0.208093	0.273930	0.245157	0.272820
2	0.194094	0.333099	0.280998	0.191809
3	0.089101	0.344036	0.063962	0.502901
4	0.066735	0.028168	0.011822	0.893275
5	0.939760	0.000000	0.060240	0.000000
6	0.986719	0.000547	0.012223	0.000511
7	0.011202	0.000000	0.974532	0.014266
8	0.480029	0.493367	0.000401	0.026203
9	0.206061	0.472213	0.144335	0.177392


TF	246_GCT_ISVKY
TF Name	246_GCT_ISVKY
Motif	M58_chu
Pos	A	C	G	T
1	0.237210	0.258961	0.220097	0.283732
2	0.183936	0.326146	0.287367	0.202551
3	0.103219	0.355906	0.065988	0.474886
4	0.047981	0.001032	0.032038	0.918949
5	0.967142	0.000000	0.030185	0.002672
6	0.974613	0.000000	0.000000	0.025387
7	0.000000	0.004100	0.982174	0.013726
8	0.347263	0.647495	0.002621	0.002621
9	0.216500	0.368182	0.197168	0.218151


TF	247_GCG_RTDRS
TF Name	247_GCG_RTDRS
Motif	M59_chu
Pos	A	C	G	T
1	0.159726	0.443655	0.172060	0.224559
2	0.074512	0.073500	0.367537	0.484452
3	0.131554	0.000187	0.394733	0.473526
4	0.000000	0.829120	0.159828	0.011052
5	0.000000	0.000000	0.000000	1.000000
6	0.000000	0.000000	0.000000	1.000000
7	0.970465	0.000000	0.000234	0.029302
8	0.585545	0.032807	0.272596	0.109052
9	0.231642	0.234241	0.325895	0.208222
10	0.292046	0.216600	0.279624	0.211730


TF	249_GCA_QLKQS
TF Name	249_GCA_QLKQS
Motif	M60_chu
Pos	A	C	G	T
1	0.221466	0.267279	0.233418	0.277836
2	0.176890	0.295389	0.218480	0.309240
3	0.142953	0.319993	0.179690	0.357364
4	0.191824	0.113459	0.105096	0.589621
5	0.858988	0.000000	0.138585	0.002427
6	1.000000	0.000000	0.000000	0.000000
7	0.000000	0.000000	1.000000	0.000000
8	0.011312	0.083293	0.012320	0.893074
9	0.972764	0.000671	0.025895	0.000671
10	0.214576	0.225442	0.329047	0.230935


TF	24_GTG_HLIQY
TF Name	24_GTG_HLIQY
Motif	M61_chu
Pos	A	C	G	T
1	0.196195	0.416995	0.196749	0.190060
2	0.002002	0.925432	0.000707	0.071860
3	0.977225	0.005841	0.000000	0.016934
4	0.000000	0.998702	0.001298	0.000000
5	0.000000	0.001298	0.000000	0.998702
6	0.000000	0.012597	0.000000	0.987403
7	0.924743	0.024309	0.021211	0.029737
8	0.453403	0.110452	0.316990	0.119155
9	0.274243	0.225182	0.338260	0.162315
10	0.294483	0.219647	0.274864	0.211006


TF	250_GAT_AGKTF
TF Name	250_GAT_AGKTF
Motif	M62_chu
Pos	A	C	G	T
1	0.204516	0.266480	0.225707	0.303297
2	0.171788	0.358584	0.213612	0.256015
3	0.062311	0.275447	0.125676	0.536566
4	0.049855	0.011060	0.007997	0.931087
5	0.926255	0.000000	0.073745	0.000000
6	1.000000	0.000000	0.000000	0.000000
7	0.000000	0.000000	1.000000	0.000000
8	0.949498	0.000238	0.008201	0.042062
9	0.168143	0.442722	0.155946	0.233189
10	0.255895	0.219876	0.311949	0.212280


TF	251_CTT_VGYSR
TF Name	251_CTT_VGYSR
Motif	M63_chu
Pos	A	C	G	T
1	0.229535	0.300933	0.229097	0.240435
2	0.245522	0.226680	0.282160	0.245639
3	0.013031	0.211615	0.000000	0.775354
4	0.000000	0.000000	1.000000	0.000000
5	0.000000	0.000000	0.000000	1.000000
6	0.000000	0.061878	0.000000	0.938122
7	0.962809	0.000000	0.000000	0.037191
8	0.530352	0.134359	0.215702	0.119587
9	0.195467	0.299919	0.335492	0.169122
10	0.264833	0.178255	0.296072	0.260840


TF	252_CTC_LRYSK
TF Name	252_CTC_LRYSK
Motif	M64_chu
Pos	A	C	G	T
1	0.144582	0.352302	0.179574	0.323543
2	0.056600	0.050346	0.264142	0.628913
3	0.756597	0.106289	0.116112	0.021001
4	0.000000	0.000000	1.000000	0.000000
5	0.000000	0.000000	0.000000	1.000000
6	0.024410	0.050872	0.001539	0.923178
7	0.965218	0.001796	0.000000	0.032986
8	0.506817	0.105043	0.251393	0.136747
9	0.248682	0.257141	0.265087	0.229090
10	0.282024	0.235441	0.256524	0.226011


TF	253_CGT_VANSR
TF Name	253_CGT_VANSR
Motif	M65_chu
Pos	A	C	G	T
1	0.222610	0.327649	0.221933	0.227808
2	0.264243	0.218075	0.263624	0.254058
3	0.004576	0.103953	0.000000	0.891470
4	0.000000	0.000000	1.000000	0.000000
5	0.000563	0.000000	0.000000	0.999437
6	0.001338	0.054106	0.000000	0.944556
7	0.911113	0.000915	0.000000	0.087971
8	0.505791	0.158552	0.185799	0.149857
9	0.238410	0.286204	0.302019	0.173367


TF	255_CCT_RADGK
TF Name	255_CCT_RADGK
Motif	M66_chu
Pos	A	C	G	T
1	0.225198	0.197872	0.339626	0.237305
2	0.140764	0.554571	0.120179	0.184487
3	0.273442	0.033216	0.210910	0.482432
4	0.062772	0.203019	0.725178	0.009032
5	0.000000	0.003031	0.996969	0.000000
6	0.000000	0.000000	0.000000	1.000000
7	0.000900	0.013953	0.000000	0.985147
8	0.978306	0.000000	0.003031	0.018664
9	0.585192	0.075723	0.171091	0.167994
10	0.267811	0.216837	0.330401	0.184950


TF	256_CCA_RLYQK
TF Name	256_CCA_RLYQK
Motif	M67_chu
Pos	A	C	G	T
1	0.231271	0.228222	0.324534	0.215974
2	0.178744	0.449958	0.215976	0.155322
3	0.000647	0.025783	0.011407	0.962163
4	0.394915	0.100766	0.443623	0.060696
5	0.000156	0.000000	0.999844	0.000000
6	0.000000	0.000000	0.000000	1.000000
7	0.000714	0.024555	0.001272	0.973458
8	0.974797	0.000000	0.000000	0.025203
9	0.505770	0.090609	0.275018	0.128602
10	0.251222	0.251356	0.260642	0.236779


TF	257_CAT_KLCSR
TF Name	257_CAT_KLCSR
Motif	M68_chu
Pos	A	C	G	T
1	0.114913	0.655126	0.112253	0.117708
2	0.287752	0.066524	0.448318	0.197407
3	0.014498	0.225318	0.000000	0.760184
4	0.000000	0.000000	1.000000	0.000000
5	0.000000	0.000000	0.000000	1.000000
6	0.008272	0.108690	0.000000	0.883038
7	0.913546	0.007049	0.001290	0.078115
8	0.576737	0.087521	0.231811	0.103931
9	0.253387	0.231658	0.267333	0.247622
10	0.260860	0.217273	0.283723	0.238144


TF	258_ATT_RTVQQ
TF Name	258_ATT_RTVQQ
Motif	M69_chu
Pos	A	C	G	T
1	0.174367	0.412933	0.189132	0.223568
2	0.003644	0.166760	0.003644	0.825953
3	0.528863	0.467958	0.000000	0.003179
4	1.000000	0.000000	0.000000	0.000000
5	0.000000	0.000000	0.000000	1.000000
6	0.000000	0.013132	0.000000	0.986868
7	0.976410	0.000000	0.000000	0.023590
8	0.445795	0.083158	0.312992	0.158056
9	0.196976	0.264634	0.289878	0.248513
10	0.284896	0.217262	0.283439	0.214404


TF	259_ATA_KMYAW
TF Name	259_ATA_KMYAW
Motif	M70_chu
Pos	A	C	G	T
1	0.151740	0.436088	0.154012	0.258161
2	0.126732	0.067878	0.172488	0.632903
3	0.241412	0.376076	0.003833	0.378679
4	0.009980	0.066536	0.275548	0.647935
5	0.000000	0.000000	0.000000	1.000000
6	0.000072	0.002025	0.000000	0.997903
7	1.000000	0.000000	0.000000	0.000000
8	0.436320	0.172923	0.290880	0.099877
9	0.143569	0.249484	0.225212	0.381735
10	0.389360	0.160703	0.283577	0.166359


TF	25_GTA_YTRQV
TF Name	25_GTA_YTRQV
Motif	M71_chu
Pos	A	C	G	T
1	0.224299	0.337407	0.219389	0.218904
2	0.000746	0.000746	0.000746	0.997763
3	0.991500	0.007673	0.000827	0.000000
4	0.048281	0.951719	0.000000	0.000000
5	0.000000	0.000000	0.000000	1.000000
6	0.008020	0.052551	0.000000	0.939429
7	0.932864	0.005258	0.047680	0.014199
8	0.393357	0.108371	0.385777	0.112494
9	0.291513	0.223114	0.342806	0.142566
10	0.313505	0.223448	0.256752	0.206296


TF	260_ATA_KAYNA
TF Name	260_ATA_KAYNA
Motif	M72_chu
Pos	A	C	G	T
1	0.097857	0.493336	0.114667	0.294140
2	0.126952	0.035670	0.158762	0.678616
3	0.284358	0.456763	0.000863	0.258016
4	0.235769	0.005599	0.751529	0.007103
5	0.000000	0.000000	0.000000	1.000000
6	0.000173	0.003453	0.000000	0.996374
7	0.995338	0.000000	0.000000	0.004662
8	0.462313	0.034925	0.362544	0.140218
9	0.176803	0.293690	0.274423	0.255084
10	0.304776	0.202654	0.290047	0.202522


TF	261_AGG_KSKEA
TF Name	261_AGG_KSKEA
Motif	M73_chu
Pos	A	C	G	T
1	0.246867	0.254888	0.249161	0.249084
2	0.162980	0.397465	0.145400	0.294155
3	0.000000	0.982716	0.000000	0.017284
4	0.324462	0.675538	0.000000	0.000000
5	0.000000	1.000000	0.000000	0.000000
6	0.000000	0.000000	0.000000	1.000000
7	0.009329	0.097083	0.000000	0.893588
8	0.870078	0.020595	0.020012	0.089315
9	0.455592	0.122321	0.297224	0.124862


TF	262_AGA_QFRAW
TF Name	262_AGA_QFRAW
Motif	M74_chu
Pos	A	C	G	T
1	0.261144	0.226977	0.298236	0.213642
2	0.145594	0.558283	0.161119	0.135004
3	0.000000	0.001686	0.000468	0.997846
4	0.352175	0.559968	0.002997	0.084859
5	0.000000	0.920035	0.000000	0.079965
6	0.000000	0.000000	0.000000	1.000000
7	0.000117	0.096052	0.000000	0.903831
8	0.920035	0.013862	0.005175	0.060928
9	0.447585	0.084922	0.252357	0.215136
10	0.269521	0.251375	0.266304	0.212800


TF	263_AGA_VRFAA
TF Name	263_AGA_VRFAA
Motif	M75_chu
Pos	A	C	G	T
1	0.258493	0.236466	0.276458	0.228583
2	0.213241	0.391340	0.224108	0.171311
3	0.000000	0.000000	0.000000	1.000000
4	0.779397	0.210295	0.010308	0.000000
5	0.007793	0.899591	0.068721	0.023895
6	0.000000	0.000000	0.000000	1.000000
7	0.021357	0.164930	0.000000	0.813713
8	0.818384	0.039077	0.028095	0.114445
9	0.407815	0.131798	0.299511	0.160875
10	0.298249	0.247751	0.241035	0.212966


TF	264_ACT_KVYHV
TF Name	264_ACT_KVYHV
Motif	M76_chu
Pos	A	C	G	T
1	0.167367	0.448719	0.190266	0.193647
2	0.203147	0.049693	0.328884	0.418275
3	0.000000	0.000000	1.000000	0.000000
4	0.000000	0.002551	0.003319	0.994130
5	0.000000	0.000000	0.000000	1.000000
6	0.040390	0.003808	0.000000	0.955802
7	0.991195	0.000000	0.000000	0.008805
8	0.527515	0.039132	0.263548	0.169805
9	0.167790	0.265274	0.288316	0.278620
10	0.288210	0.204746	0.315508	0.191535


TF	265_ACG_WYSKY
TF Name	265_ACG_WYSKY
Motif	M77_chu
Pos	A	C	G	T
1	0.248216	0.247506	0.256544	0.247734
2	0.000958	0.005237	0.590400	0.403405
3	0.001440	0.997749	0.000810	0.000000
4	0.000000	0.000000	0.000000	1.000000
5	0.000000	0.049517	0.000000	0.950483
6	0.909150	0.010775	0.006720	0.073355
7	0.405746	0.117048	0.324369	0.152837


TF	266_ACC_KACHS
TF Name	266_ACC_KACHS
Motif	M78_chu
Pos	A	C	G	T
1	0.241135	0.333368	0.207832	0.217665
2	0.172949	0.232719	0.412529	0.181803
3	0.019739	0.003666	0.121014	0.855580
4	0.207384	0.009970	0.782645	0.000000
5	0.003928	0.005237	0.000000	0.990835
6	0.000000	0.000000	0.000000	1.000000
7	0.516486	0.000705	0.000000	0.482809
8	0.739481	0.023405	0.162467	0.074647
9	0.354156	0.109132	0.299619	0.237094
10	0.288462	0.221312	0.287443	0.202783


TF	267_ACA_RVSHT
TF Name	267_ACA_RVSHT
Motif	M79_chu
Pos	A	C	G	T
1	0.202108	0.378200	0.219382	0.200310
2	0.061786	0.032661	0.055697	0.849855
3	0.001923	0.000713	0.995317	0.002047
4	0.000000	0.011568	0.000620	0.987811
5	0.000000	0.000000	0.000000	1.000000
6	0.001582	0.000000	0.000000	0.998418
7	0.990820	0.000000	0.000496	0.008684
8	0.822690	0.002698	0.121577	0.053035
9	0.147255	0.231210	0.455731	0.165805
10	0.244189	0.204570	0.383130	0.168112


TF	268_AAT_KLQAF
TF Name	268_AAT_KLQAF
Motif	M80_chu
Pos	A	C	G	T
1	0.149478	0.543102	0.149132	0.158289
2	0.142076	0.061754	0.060448	0.735722
3	0.587443	0.000914	0.000789	0.410853
4	0.000000	0.680849	0.000000	0.319151
5	0.000000	0.000000	0.000000	1.000000
6	0.000000	0.034072	0.000000	0.965928
7	0.952217	0.021149	0.000208	0.026426
8	0.708439	0.024681	0.207587	0.059293
9	0.310849	0.215900	0.313798	0.159453
10	0.362655	0.178487	0.254639	0.204218


TF	269_AAT_KVTNF
TF Name	269_AAT_KVTNF
Motif	M81_chu
Pos	A	C	G	T
1	0.211918	0.347359	0.215445	0.225277
2	0.230177	0.159851	0.210274	0.399698
3	0.332178	0.011893	0.000000	0.655928
4	0.019922	0.413366	0.007229	0.559483
5	0.000000	0.000000	0.000433	0.999567
6	0.000000	0.006163	0.000000	0.993837
7	0.978379	0.000000	0.011993	0.009628
8	0.630476	0.017990	0.250958	0.100576
9	0.194973	0.284626	0.309532	0.210870
10	0.321644	0.192059	0.295598	0.190698


TF	26_GGT_ALKNM
TF Name	26_GGT_ALKNM
Motif	M82_chu
Pos	A	C	G	T
1	0.168761	0.176517	0.482700	0.172023
2	0.037779	0.863815	0.037846	0.060561
3	0.266333	0.016209	0.670381	0.047078
4	0.046210	0.952752	0.000075	0.000962
5	0.161533	0.838227	0.000060	0.000180
6	0.000120	0.000120	0.000180	0.999579
7	0.000105	0.140753	0.003773	0.855369
8	0.876441	0.003653	0.111682	0.008223
9	0.688173	0.094722	0.170152	0.046952
10	0.274469	0.180969	0.336842	0.207720


TF	270_AAG_RAQWF
TF Name	270_AAG_RAQWF
Motif	M83_chu
Pos	A	C	G	T
1	0.114390	0.648443	0.118223	0.118944
2	0.056674	0.828627	0.056223	0.058476
3	0.000000	0.000000	0.000000	1.000000
4	0.000000	0.487537	0.000000	0.512463
5	0.000000	0.000000	0.000000	1.000000
6	0.031936	0.361928	0.000000	0.606137
7	0.491635	0.244818	0.086731	0.176815
8	0.560620	0.143220	0.163709	0.132451
9	0.429388	0.160787	0.239842	0.169983
10	0.310234	0.219173	0.244415	0.226178


TF	271_AAC_KLQRF
TF Name	271_AAC_KLQRF
Motif	M84_chu
Pos	A	C	G	T
1	0.223821	0.254950	0.297722	0.223507
2	0.082062	0.690982	0.083114	0.143841
3	0.071999	0.000000	0.927258	0.000743
4	0.004877	0.000790	0.000000	0.994333
5	0.000000	0.539669	0.026500	0.433830
6	0.000000	0.000163	0.000000	0.999837
7	0.000743	0.148899	0.000116	0.850242
8	0.847362	0.086097	0.019788	0.046753
9	0.548588	0.092879	0.240152	0.118381
10	0.280518	0.274038	0.262913	0.182530


TF	272_AAC_VAQRC
TF Name	272_AAC_VAQRC
Motif	M85_chu
Pos	A	C	G	T
1	0.222749	0.260786	0.304700	0.211765
2	0.094839	0.625650	0.094723	0.184789
3	0.000000	0.000107	0.999248	0.000645
4	0.000000	0.000000	0.000054	0.999946
5	0.000000	0.001021	0.045014	0.953965
6	0.000054	0.000054	0.000027	0.999866
7	0.000188	0.233345	0.000000	0.766467
8	0.910080	0.072774	0.008734	0.008411
9	0.504756	0.087816	0.235342	0.172086
10	0.291533	0.233415	0.311605	0.163447


TF	27_GGT_LTKDQ
TF Name	27_GGT_LTKDQ
Motif	M86_chu
Pos	A	C	G	T
1	0.070329	0.633291	0.078311	0.218069
2	0.007857	0.003604	0.002683	0.985856
3	0.000000	0.999943	0.000000	0.000057
4	0.000000	1.000000	0.000000	0.000000
5	0.000000	0.000000	0.000000	1.000000
6	0.000000	0.001862	0.000000	0.998138
7	0.948467	0.001810	0.000565	0.049158
8	0.599508	0.042489	0.271141	0.086861
9	0.196332	0.233202	0.329111	0.241355
10	0.348334	0.199178	0.263850	0.188638


TF	28_GGG_RSKER
TF Name	28_GGG_RSKER
Motif	M87_chu
Pos	A	C	G	T
1	0.091942	0.571933	0.079434	0.256691
2	0.001389	0.995833	0.001389	0.001389
3	0.036916	0.963084	0.000000	0.000000
4	0.000000	1.000000	0.000000	0.000000
5	0.000000	0.000000	0.000000	1.000000
6	0.001399	0.154592	0.000000	0.844009
7	0.970700	0.013184	0.000871	0.015245
8	0.669783	0.063552	0.234244	0.032420
9	0.257609	0.206411	0.271769	0.264211
10	0.290845	0.205536	0.289418	0.214201


TF	29_GGC_TLKNQ
TF Name	29_GGC_TLKNQ
Motif	M88_chu
Pos	A	C	G	T
1	0.209855	0.224004	0.317161	0.248981
2	0.037357	0.888390	0.035770	0.038484
3	0.123151	0.000000	0.876849	0.000000
4	0.000000	0.999488	0.000110	0.000402
5	0.000402	0.999598	0.000000	0.000000
6	0.000000	0.000000	0.000000	1.000000
7	0.001989	0.032233	0.000091	0.965687
8	0.898880	0.016249	0.006647	0.078224
9	0.532203	0.105863	0.240491	0.121444


TF	2_TTT_RTVSA
TF Name	2_TTT_RTVSA
Motif	M89_chu
Pos	A	C	G	T
1	0.196344	0.406781	0.192682	0.204192
2	0.225674	0.191159	0.288383	0.294784
3	0.234753	0.432253	0.000000	0.332994
4	0.975767	0.000000	0.024233	0.000000
5	0.000000	0.000000	0.000000	1.000000
6	0.000000	0.000000	0.002462	0.997538
7	0.997846	0.000000	0.002154	0.000000
8	0.571997	0.003789	0.378517	0.045697
9	0.068496	0.301313	0.219992	0.410199
10	0.366083	0.106417	0.379583	0.147917


TF	301_AAG_RSQWH
TF Name	301_AAG_RSQWH
Motif	M90_chu
Pos	A	C	G	T
1	0.105517	0.682362	0.106076	0.106045
2	0.035592	0.891725	0.036758	0.035925
3	0.000000	0.000159	0.000000	0.999841
4	0.000000	0.438478	0.000536	0.560986
5	0.000000	0.000536	0.000159	0.999305
6	0.001305	0.272833	0.000000	0.725862
7	0.609401	0.215171	0.052166	0.123262
8	0.656938	0.108955	0.129151	0.104956
9	0.377039	0.141086	0.250652	0.231223
10	0.307614	0.218534	0.247126	0.226725


TF	302_ATA_LRWNS
TF Name	302_ATA_LRWNS
Motif	M91_chu
Pos	A	C	G	T
1	0.240760	0.258400	0.241285	0.259555
2	0.664981	0.131795	0.118205	0.085019
3	0.020658	0.120400	0.022918	0.836023
4	0.000000	0.000000	0.000000	1.000000
5	0.999677	0.000000	0.000323	0.000000
6	1.000000	0.000000	0.000000	0.000000
7	0.007680	0.002880	0.333760	0.655680
8	0.052937	0.035507	0.000000	0.911556
9	0.897428	0.063074	0.018371	0.021127
10	0.140137	0.165651	0.552551	0.141660


TF	303_CTC_VMNRK
TF Name	303_CTC_VMNRK
Motif	M92_chu
Pos	A	C	G	T
1	0.188732	0.180599	0.509608	0.121061
2	0.002180	0.205004	0.005466	0.787350
3	0.000110	0.000243	0.953654	0.045993
