TF	10_TGG_KSVMQ
TF Name	10_TGG_KSVMQ
Motif	M1_chu
Pos	A	C	G	T
1	0.096951	0.445361	0.096547	0.361141
2	0.133355	0.343425	0.132899	0.390321
3	0.138287	0.861713	0.000000	0.000000
4	1.000000	0.000000	0.000000	0.000000
5	0.000000	0.000000	0.000000	1.000000
6	0.000000	0.000000	0.000000	1.000000
7	0.994840	0.000000	0.000000	0.005160
8	0.455108	0.052632	0.320949	0.171311
9	0.193232	0.223176	0.309864	0.273728
10	0.367757	0.143079	0.316454	0.172710


TF	11_TGA_KSVAQ
TF Name	11_TGA_KSVAQ
Motif	M2_chu
Pos	A	C	G	T
1	0.136787	0.464077	0.073107	0.326029
2	0.026841	0.013025	0.008222	0.951913
3	0.283381	0.707973	0.000000	0.008646
4	0.997118	0.000000	0.002882	0.000000
5	0.000000	0.000000	0.000000	1.000000
6	0.000000	0.009606	0.000000	0.990394
7	0.963497	0.000000	0.000000	0.036503
8	0.427818	0.106764	0.297927	0.167491
9	0.194291	0.253836	0.309552	0.242322
10	0.356167	0.144313	0.281681	0.217839


TF	12_TGA_RGVAA
TF Name	12_TGA_RGVAA
Motif	M3_chu
Pos	A	C	G	T
1	0.179133	0.415434	0.077921	0.327513
2	0.039384	0.165945	0.013385	0.781286
3	0.563218	0.417973	0.001045	0.017764
4	1.000000	0.000000	0.000000	0.000000
5	0.000000	0.000000	0.000000	1.000000
6	0.000000	0.001045	0.000000	0.998955
7	0.997910	0.000000	0.000000	0.002090
8	0.479624	0.071055	0.310345	0.138976
9	0.170438	0.286720	0.295079	0.247763
10	0.358410	0.131663	0.282133	0.227794


TF	13_TCT_ATVKA
TF Name	13_TCT_ATVKA
Motif	M4_chu
Pos	A	C	G	T
1	0.226712	0.386947	0.172590	0.213751
2	0.072228	0.027473	0.780215	0.120084
3	0.080758	0.016949	0.899302	0.002991
4	0.992024	0.000000	0.000997	0.006979
5	0.000000	0.002991	0.000997	0.996012
6	0.001994	0.012961	0.000000	0.985045
7	0.948156	0.000997	0.008973	0.041874
8	0.405783	0.112662	0.308076	0.173480
9	0.213703	0.272339	0.258380	0.255578
10	0.300332	0.229578	0.271453	0.198637


TF	14_TCG_KGTQM
TF Name	14_TCG_KGTQM
Motif	M5_chu
Pos	A	C	G	T
1	0.064225	0.583450	0.066008	0.286318
2	0.030079	0.798991	0.008293	0.162637
3	0.239887	0.695578	0.030462	0.034073
4	0.972093	0.002326	0.025581	0.000000
5	0.000704	0.003947	0.000459	0.994890
6	0.000352	0.014183	0.000230	0.985236
7	0.980125	0.000689	0.000689	0.018497
8	0.484777	0.076270	0.282084	0.156870
9	0.179452	0.224618	0.300199	0.295731
10	0.371031	0.153969	0.306294	0.168706


TF	15_TCC_RMIKS
TF Name	15_TCC_RMIKS
Motif	M6_chu
Pos	A	C	G	T
1	0.261197	0.317076	0.225046	0.196681
2	0.106766	0.036024	0.802627	0.054584
3	0.000000	0.000949	0.988615	0.010436
4	0.981025	0.018975	0.000000	0.000000
5	0.000949	0.000000	0.000000	0.999051
6	0.000000	0.000949	0.001898	0.997154
7	0.967742	0.000949	0.000000	0.031309
8	0.432638	0.103416	0.311195	0.152751
9	0.192882	0.280078	0.280078	0.246962
10	0.294791	0.233198	0.264507	0.207504


TF	168_ACG_SRYDR
TF Name	168_ACG_SRYDR
Motif	M7_chu
Pos	A	C	G	T
1	0.286525	0.245980	0.230683	0.236812
2	0.225153	0.129053	0.140526	0.505268
3	0.003824	0.869025	0.006692	0.120459
4	0.000000	0.000000	0.997132	0.002868
5	0.000956	0.002868	0.000000	0.996176
6	0.007648	0.008604	0.002868	0.980880
7	0.976099	0.000000	0.000956	0.022945
8	0.655446	0.047231	0.227919	0.069404
9	0.235366	0.292358	0.249337	0.222938


TF	17_TAT_TRVSA
TF Name	17_TAT_TRVSA
Motif	M8_chu
Pos	A	C	G	T
1	0.173647	0.510668	0.095084	0.220601
2	0.208833	0.082876	0.422536	0.285756
3	0.095904	0.640360	0.000999	0.262737
4	0.982018	0.000999	0.016983	0.000000
5	0.000000	0.000000	0.000000	1.000000
6	0.000000	0.000000	0.000999	0.999001
7	0.990010	0.001998	0.000000	0.007992
8	0.466533	0.055944	0.299700	0.177822
9	0.153092	0.277976	0.314940	0.253992
10	0.366825	0.125183	0.281027	0.226965


TF	18_TAG_RLTQA
TF Name	18_TAG_RLTQA
Motif	M9_chu
Pos	A	C	G	T
1	0.247362	0.206897	0.277349	0.268393
2	0.056646	0.714122	0.044301	0.184932
3	0.000000	0.524711	0.031546	0.443743
4	0.645636	0.199790	0.000000	0.154574
5	0.831756	0.005258	0.162986	0.000000
6	0.000354	0.000171	0.000171	0.999303
7	0.000354	0.046439	0.000171	0.953036
8	0.971963	0.000171	0.000171	0.027694
9	0.464831	0.087745	0.258092	0.189332
10	0.216763	0.230661	0.306371	0.246206


TF	1_TTT_RTVAA
TF Name	1_TTT_RTVAA
Motif	M11_chu
Pos	A	C	G	T
1	0.272929	0.259557	0.117373	0.350142
2	0.144738	0.045940	0.043116	0.766206
3	0.745763	0.214689	0.014124	0.025424
4	1.000000	0.000000	0.000000	0.000000
5	0.000000	0.000000	0.000000	1.000000
6	0.000000	0.000942	0.044256	0.954802
7	0.997175	0.000000	0.002825	0.000000
8	0.434087	0.043315	0.427495	0.095104
9	0.132689	0.332000	0.299985	0.235326
10	0.343590	0.145582	0.274583	0.236245


TF	201_TGC_VRVSQ
TF Name	201_TGC_VRVSQ
Motif	M12_chu
Pos	A	C	G	T
1	0.164993	0.459891	0.096846	0.278270
2	0.206745	0.053236	0.461778	0.278240
3	0.047354	0.927577	0.000000	0.025070
4	0.996286	0.000000	0.003714	0.000000
5	0.000000	0.003714	0.000000	0.996286
6	0.002786	0.016713	0.000000	0.980501
7	0.960074	0.004643	0.012999	0.022284
8	0.508821	0.041783	0.285051	0.164345
9	0.165702	0.285087	0.280445	0.268766
10	0.340229	0.149558	0.317617	0.192596


TF	202_GTG_NAREF
TF Name	202_GTG_NAREF
Motif	M13_chu
Pos	A	C	G	T
1	0.228226	0.356891	0.146774	0.268109
2	0.001917	0.266079	0.000514	0.731489
3	0.983463	0.014591	0.000000	0.001946
4	0.000000	1.000000	0.000000	0.000000
5	0.000000	0.000000	0.000000	1.000000
6	0.000973	0.024319	0.000000	0.974708
7	0.729572	0.059339	0.178988	0.032101
8	0.411479	0.145914	0.304475	0.138132
9	0.327821	0.212062	0.310311	0.149805
10	0.342632	0.189469	0.239080	0.228819


TF	203_GTC_VQKRF
TF Name	203_GTC_VQKRF
Motif	M14_chu
Pos	A	C	G	T
1	0.198678	0.293825	0.298511	0.208987
2	0.046322	0.787792	0.039901	0.125985
3	0.000937	0.000937	0.850047	0.148079
4	0.304592	0.000000	0.000000	0.695408
5	0.001874	0.998126	0.000000	0.000000
6	0.000000	0.000000	0.000000	1.000000
7	0.000000	0.205248	0.000937	0.793814
8	0.751640	0.112465	0.034677	0.101218
9	0.480787	0.120900	0.276476	0.121837


TF	204_GCG_RTDRY
TF Name	204_GCG_RTDRY
Motif	M15_chu
Pos	A	C	G	T
1	0.205302	0.235759	0.173873	0.385066
2	0.155206	0.328094	0.230845	0.285855
3	0.126719	0.300589	0.099214	0.473477
4	0.025540	0.020629	0.002947	0.950884
5	0.999018	0.000000	0.000000	0.000982
6	1.000000	0.000000	0.000000	0.000000
7	0.000000	0.000000	1.000000	0.000000
8	0.579568	0.358546	0.000000	0.061886
9	0.527961	0.212216	0.049151	0.210672
10	0.226193	0.149053	0.410349	0.214405


TF	205_GAA_TQRQW
TF Name	205_GAA_TQRQW
Motif	M16_chu
Pos	A	C	G	T
1	0.270848	0.356584	0.131876	0.240692
2	0.000318	0.000169	0.000169	0.999345
3	0.723735	0.000000	0.010700	0.265564
4	0.000000	1.000000	0.000000	0.000000
5	0.000000	0.000000	0.000000	1.000000
6	0.000000	0.128405	0.000000	0.871595
7	0.632296	0.100195	0.191634	0.075875
8	0.375486	0.159533	0.331712	0.133268
9	0.327821	0.216926	0.297665	0.157588
10	0.338668	0.210457	0.230885	0.219991


TF	207_CTT_ITYGK
TF Name	207_CTT_ITYGK
Motif	M17_chu
Pos	A	C	G	T
1	0.068472	0.320417	0.071565	0.539547
2	0.097111	0.014459	0.081493	0.806936
3	0.555556	0.215794	0.213039	0.015611
4	0.000000	0.000918	0.999082	0.000000
5	0.000918	0.000000	0.000000	0.999082
6	0.002755	0.039486	0.000918	0.956841
7	0.971534	0.000918	0.000918	0.026630
8	0.552801	0.082645	0.229568	0.134986
9	0.199860	0.291876	0.235861	0.272403
10	0.357906	0.162755	0.245400	0.233939


TF	208_CTC_HFNRK
TF Name	208_CTC_HFNRK
Motif	M18_chu
Pos	A	C	G	T
1	0.225930	0.275578	0.266533	0.231960
2	0.170452	0.213467	0.074774	0.541307
3	0.040201	0.000000	0.000000	0.959799
4	0.914573	0.000000	0.076382	0.009045
5	1.000000	0.000000	0.000000	0.000000
6	0.000000	0.661307	0.338693	0.000000
7	0.174874	0.074372	0.018090	0.732663
8	0.352764	0.645226	0.001005	0.001005
9	0.144122	0.230752	0.516180	0.108946
10	0.170054	0.356580	0.182710	0.290657


TF	209_CGC_PRDSR
TF Name	209_CGC_PRDSR
Motif	M19_chu
Pos	A	C	G	T
1	0.144841	0.503653	0.145398	0.206108
2	0.336020	0.041966	0.395029	0.226985
3	0.007269	0.284528	0.000000	0.708204
4	0.001038	0.000000	0.998962	0.000000
5	0.000000	0.000000	0.000000	1.000000
6	0.025961	0.023884	0.000000	0.950156
7	0.969886	0.000000	0.002077	0.028037
8	0.687435	0.068536	0.180685	0.063344
9	0.248664	0.311045	0.257047	0.183244
10	0.333194	0.163691	0.255072	0.248044


TF	20_TAC_QRVSA
TF Name	20_TAC_QRVSA
Motif	M20_chu
Pos	A	C	G	T
1	0.119096	0.633592	0.060767	0.186545
2	0.150249	0.050142	0.591687	0.207922
3	0.134247	0.348158	0.001139	0.516456
4	0.976540	0.004888	0.015640	0.002933
5	0.000327	0.000162	0.000162	0.999350
6	0.000327	0.018734	0.001139	0.979799
7	0.953079	0.007820	0.006843	0.032258
8	0.526882	0.079179	0.285435	0.108504
9	0.160338	0.275634	0.255106	0.308921
10	0.355136	0.127757	0.305665	0.211441


TF	210_CCG_RSNQK
TF Name	210_CCG_RSNQK
Motif	M21_chu
Pos	A	C	G	T
1	0.173817	0.452568	0.138368	0.235247
2	0.031187	0.277977	0.073546	0.617289
3	0.314199	0.000000	0.645519	0.040282
4	0.000000	0.061430	0.938570	0.000000
5	0.000000	0.000000	0.000000	1.000000
6	0.004028	0.005035	0.000000	0.990937
7	0.981873	0.001007	0.002014	0.015106
8	0.549849	0.075529	0.240685	0.133938
9	0.246021	0.254986	0.266063	0.232929
10	0.323411	0.184645	0.275279	0.216664


TF	211_ATT_TKNQN
TF Name	211_ATT_TKNQN
Motif	M22_chu
Pos	A	C	G	T
1	0.322419	0.141954	0.286918	0.248709
2	0.171294	0.294308	0.250081	0.284317
3	0.013514	0.974201	0.000000	0.012285
4	0.958231	0.015971	0.018428	0.007371
5	0.877150	0.001229	0.121622	0.000000
6	0.000000	0.000000	0.004914	0.995086
7	0.000000	0.063882	0.000000	0.936118
8	0.954545	0.001229	0.002457	0.041769
9	0.484432	0.049966	0.295666	0.169936
10	0.240766	0.233435	0.267833	0.257965


TF	212_ATA_RVTNA
TF Name	212_ATA_RVTNA
Motif	M23_chu
Pos	A	C	G	T
1	0.260196	0.385737	0.166598	0.187469
2	0.113030	0.041037	0.050607	0.795326
3	0.547368	0.335885	0.019139	0.097608
4	0.953110	0.007656	0.033493	0.005742
5	0.006699	0.000000	0.000957	0.992344
6	0.000000	0.056459	0.013397	0.930144
7	0.961722	0.006699	0.008612	0.022967
8	0.512402	0.057933	0.302909	0.126756
9	0.167371	0.338849	0.264208	0.229572


TF	213_AGG_KMKES
TF Name	213_AGG_KMKES
Motif	M24_chu
Pos	A	C	G	T
1	0.104694	0.548777	0.069793	0.276737
2	0.000496	0.997549	0.000481	0.001474
3	0.207234	0.792766	0.000000	0.000000
4	0.016618	0.983382	0.000000	0.000000
5	0.000000	0.000000	0.000000	1.000000
6	0.009775	0.078201	0.000000	0.912023
7	0.867058	0.020528	0.014663	0.097752
8	0.482893	0.123167	0.276637	0.117302
9	0.258313	0.211384	0.320866	0.209437
10	0.327672	0.167929	0.302826	0.201573


TF	215_TTC_KRLAA
TF Name	215_TTC_KRLAA
Motif	M25_chu
Pos	A	C	G	T
1	0.221483	0.272830	0.159086	0.346602
2	0.244493	0.268303	0.256929	0.230275
3	0.088152	0.379147	0.119431	0.413270
4	0.130806	0.042654	0.002844	0.823697
5	0.925118	0.000000	0.074882	0.000000
6	1.000000	0.000000	0.000000	0.000000
7	0.000000	0.047393	0.000000	0.952607
8	0.034123	0.000000	0.222749	0.743128
9	0.934851	0.033396	0.007803	0.023950
10	0.319762	0.111518	0.259385	0.309335


TF	216_TGC_NRVMM
TF Name	216_TGC_NRVMM
Motif	M26_chu
Pos	A	C	G	T
1	0.132928	0.483329	0.076901	0.306841
2	0.137567	0.031620	0.535401	0.295412
3	0.016068	0.980151	0.001890	0.001890
4	0.992439	0.000000	0.007561	0.000000
5	0.000000	0.002836	0.000000	0.997164
6	0.000000	0.016068	0.000000	0.983932
7	0.965974	0.002836	0.006616	0.024575
8	0.429112	0.098299	0.279773	0.192817
9	0.234563	0.257876	0.262601	0.244960
10	0.331211	0.156501	0.302059	0.210228


TF	217_GGG_KSKEG
TF Name	217_GGG_KSKEG
Motif	M27_chu
Pos	A	C	G	T
1	0.199282	0.285538	0.202995	0.312185
2	0.202800	0.297675	0.217029	0.282496
3	0.106262	0.291271	0.115750	0.486717
4	0.097723	0.028463	0.018975	0.854839
5	0.897533	0.000000	0.092979	0.009488
6	0.991461	0.005693	0.000000	0.002846
7	0.008539	0.000949	0.985769	0.004744
8	0.000949	0.000949	0.883302	0.114801
9	0.004745	0.009487	0.981972	0.003796
10	0.343959	0.070652	0.485263	0.100126


TF	218_CTG_KQNQK
TF Name	218_CTG_KQNQK
Motif	M28_chu
Pos	A	C	G	T
1	0.234257	0.189514	0.325923	0.250306
2	0.166805	0.337709	0.147137	0.348349
3	0.014042	0.362086	0.035105	0.588766
4	0.499498	0.019057	0.474423	0.007021
5	0.013039	0.000000	0.986961	0.000000
6	0.000000	0.000000	0.000000	1.000000
7	0.000000	0.000000	0.000000	1.000000
8	0.973922	0.000000	0.006018	0.020060
9	0.511361	0.080414	0.247917	0.160308
10	0.232132	0.242291	0.264357	0.261219


TF	219_CTG_KVYER
TF Name	219_CTG_KVYER
Motif	M29_chu
Pos	A	C	G	T
1	0.142345	0.483737	0.092015	0.281903
2	0.002033	0.938294	0.007591	0.052081
3	0.099134	0.533205	0.288739	0.078922
4	0.000000	0.004812	0.995188	0.000000
5	0.000000	0.000000	0.000000	1.000000
6	0.000000	0.017324	0.000000	0.982676
7	0.968239	0.000000	0.000000	0.031761
8	0.527430	0.072185	0.287777	0.112608
9	0.206930	0.225217	0.265640	0.302214
10	0.336985	0.161090	0.293910	0.208015


TF	21_TAC_ERVSV
TF Name	21_TAC_ERVSV
Motif	M30_chu
Pos	A	C	G	T
1	0.272002	0.204212	0.268989	0.254796
2	0.064375	0.730159	0.030766	0.174699
3	0.047571	0.000000	0.638664	0.313765
4	0.261134	0.356275	0.000000	0.382591
5	0.977733	0.006073	0.016194	0.000000
6	0.000000	0.000000	0.000000	1.000000
7	0.015182	0.027328	0.000000	0.957490
8	0.949393	0.006073	0.002024	0.042510
9	0.443162	0.148437	0.201069	0.207332
10	0.237778	0.247546	0.237425	0.277252


TF	220_CTG_LTYQK
TF Name	220_CTG_LTYQK
Motif	M31_chu
Pos	A	C	G	T
1	0.270598	0.251319	0.243100	0.234982
2	0.159817	0.251142	0.135160	0.453881
3	0.032877	0.000000	0.000000	0.967123
4	0.977169	0.000000	0.021918	0.000913
5	1.000000	0.000000	0.000000	0.000000
6	0.000000	0.996347	0.000000	0.003653
7	0.046575	0.566210	0.066667	0.320548
8	0.916895	0.057534	0.023744	0.001826
9	0.172316	0.100286	0.608049	0.119348
10	0.251929	0.272728	0.234372	0.240970


TF	221_CTG_RLYQK
TF Name	221_CTG_RLYQK
Motif	M32_chu
Pos	A	C	G	T
1	0.249680	0.182575	0.343344	0.224401
2	0.187209	0.494287	0.175784	0.142720
3	0.007078	0.026289	0.023256	0.943377
4	0.365015	0.098079	0.472194	0.064712
5	0.012133	0.000000	0.987867	0.000000
6	0.000000	0.001011	0.000000	0.998989
7	0.007078	0.023256	0.000000	0.969666
8	0.966633	0.007078	0.007078	0.019211
9	0.510227	0.091390	0.272381	0.126001
10	0.241812	0.257177	0.256166	0.244845


TF	222_CTC_SKYGK
TF Name	222_CTC_SKYGK
Motif	M33_chu
Pos	A	C	G	T
1	0.248667	0.183630	0.327060	0.240643
2	0.126268	0.183661	0.307031	0.383039
3	0.153460	0.000000	0.160481	0.686058
4	0.831494	0.103310	0.064193	0.001003
5	0.000000	0.000000	1.000000	0.000000
6	0.000000	0.000000	0.000000	1.000000
7	0.027081	0.037111	0.000000	0.935807
8	0.960883	0.001003	0.001003	0.037111
9	0.533938	0.120525	0.201769	0.143768
10	0.284864	0.244223	0.244223	0.226689


TF	223_CTC_RTFGK
TF Name	223_CTC_RTFGK
Motif	M34_chu
Pos	A	C	G	T
1	0.225947	0.188699	0.363447	0.221907
2	0.055478	0.250582	0.065734	0.628206
3	0.084848	0.003030	0.112121	0.800000
4	0.764646	0.174747	0.055556	0.005051
5	0.000000	0.000000	1.000000	0.000000
6	0.000000	0.000000	0.000000	1.000000
7	0.037374	0.080808	0.002020	0.879798
8	0.901010	0.012121	0.004040	0.082828
9	0.486202	0.135515	0.223394	0.154889
10	0.279213	0.208160	0.259676	0.252951


TF	224_CCC_IMNSK
TF Name	224_CCC_IMNSK
Motif	M35_chu
Pos	A	C	G	T
1	0.202580	0.230424	0.323949	0.243047
2	0.078214	0.679430	0.061624	0.180732
3	0.155576	0.049460	0.531475	0.263489
4	0.164568	0.123201	0.642086	0.070144
5	0.115108	0.026079	0.848022	0.010791
6	0.000000	0.026079	0.015288	0.958633
7	0.028777	0.021583	0.000000	0.949640
8	0.888485	0.017541	0.031030	0.062945
9	0.477509	0.111520	0.241016	0.169955


TF	225_AAC_SLQRF
TF Name	225_AAC_SLQRF
Motif	M36_chu
Pos	A	C	G	T
1	0.208852	0.249249	0.309584	0.232315
2	0.060724	0.734807	0.037600	0.166869
3	0.051397	0.103911	0.833520	0.011173
4	0.007821	0.138547	0.003352	0.850279
5	0.034637	0.540782	0.037989	0.386592
6	0.000000	0.000000	0.000000	1.000000
7	0.011173	0.182123	0.000000	0.806704
8	0.825698	0.069274	0.037989	0.067039
9	0.558203	0.121127	0.220568	0.100102
10	0.303988	0.204950	0.290984	0.200078


TF	226_TTT_KMISA
TF Name	226_TTT_KMISA
Motif	M37_chu
Pos	A	C	G	T
1	0.103021	0.663410	0.042581	0.190988
2	0.265744	0.102810	0.222123	0.409323
3	0.386249	0.342770	0.006067	0.264914
4	0.988878	0.000000	0.011122	0.000000
5	0.000000	0.000000	0.000000	1.000000
6	0.000000	0.006067	0.000000	0.993933
7	0.973711	0.000000	0.000000	0.026289
8	0.467139	0.108190	0.252781	0.171891
9	0.234034	0.239677	0.269000	0.257289
10	0.353365	0.142590	0.253814	0.250231


TF	227_TTT_YRIAA
TF Name	227_TTT_YRIAA
Motif	M38_chu
Pos	A	C	G	T
1	0.222536	0.064088	0.066818	0.646558
2	0.898586	0.042270	0.000413	0.058731
3	0.997270	0.000000	0.002730	0.000000
4	0.000000	0.000000	0.000000	1.000000
5	0.000000	0.053685	0.000000	0.946315
6	0.932666	0.001820	0.015469	0.050045
7	0.355778	0.142857	0.333940	0.167425
8	0.231119	0.268426	0.284804	0.215651
9	0.344821	0.159273	0.257545	0.238361
10	0.347638	0.214691	0.181024	0.256647


TF	228_TTG_KMLQA
TF Name	228_TTG_KMLQA
Motif	M39_chu
Pos	A	C	G	T
1	0.196956	0.413498	0.086082	0.303465
2	0.003756	0.418335	0.001175	0.576734
3	0.610454	0.260355	0.000000	0.129191
4	0.721893	0.000000	0.278107	0.000000
5	0.000000	0.000000	0.000000	1.000000
6	0.000000	0.034517	0.000000	0.965483
7	0.938856	0.000000	0.000000	0.061144
8	0.425049	0.119329	0.309665	0.145957
9	0.243421	0.228965	0.275317	0.252297
10	0.353920	0.167283	0.255054	0.223742


TF	229_TTC_GRISA
TF Name	229_TTC_GRISA
Motif	M40_chu
Pos	A	C	G	T
1	0.161284	0.542594	0.066719	0.229402
2	0.203872	0.044945	0.427159	0.324023
3	0.249763	0.242195	0.000000	0.508042
4	0.984863	0.000000	0.015137	0.000000
5	0.000000	0.000000	0.000000	1.000000
6	0.000000	0.034059	0.000000	0.965941
7	0.939451	0.004730	0.002838	0.052980
8	0.481552	0.066225	0.298959	0.153264
9	0.210677	0.281282	0.268037	0.240005
10	0.349841	0.140225	0.273622	0.236312


TF	22_TAA_RITAA
TF Name	22_TAA_RITAA
Motif	M41_chu
Pos	A	C	G	T
1	0.205676	0.468730	0.113438	0.212156
2	0.137531	0.066573	0.078452	0.717445
3	0.515119	0.273218	0.006479	0.205184
4	0.930886	0.003240	0.065875	0.000000
5	0.002160	0.000000	0.000000	0.997840
6	0.000382	0.023916	0.001238	0.974464
7	0.980943	0.000158	0.003398	0.015501
8	0.501080	0.025918	0.393089	0.079914
9	0.131212	0.336391	0.295354	0.237044
10	0.391255	0.116304	0.311768	0.180672


TF	230_TGC_ERISQ
TF Name	230_TGC_ERISQ
Motif	M42_chu
Pos	A	C	G	T
1	0.097020	0.654430	0.057718	0.190831
2	0.200635	0.030506	0.557586	0.211273
3	0.020309	0.856867	0.000000	0.122824
4	0.997099	0.000000	0.002901	0.000000
5	0.000000	0.000000	0.000000	1.000000
6	0.000967	0.054159	0.000000	0.944874
7	0.884913	0.002901	0.000967	0.111219
8	0.450677	0.124758	0.236944	0.187621
9	0.223356	0.257785	0.249081	0.269778
10	0.334300	0.154095	0.282721	0.228884


TF	232_TCG_IKNQM
TF Name	232_TCG_IKNQM
Motif	M43_chu
Pos	A	C	G	T
1	0.206231	0.296645	0.229531	0.267593
2	0.027219	0.652551	0.013050	0.307180
3	0.390221	0.529243	0.034516	0.046021
4	0.896453	0.002876	0.099712	0.000959
5	0.000000	0.000000	0.000000	1.000000
6	0.000000	0.008629	0.000000	0.991371
7	0.988495	0.000959	0.001918	0.008629
8	0.558006	0.037392	0.241611	0.162991
9	0.171569	0.303024	0.302065	0.223343
10	0.339649	0.145969	0.308002	0.206380


TF	233_TCG_VMNQQ
TF Name	233_TCG_VMNQQ
Motif	M44_chu
Pos	A	C	G	T
1	0.299495	0.157732	0.286542	0.256231
2	0.064529	0.551498	0.056906	0.327066
3	0.003933	0.762045	0.000983	0.233038
4	0.374631	0.359882	0.083579	0.181908
5	0.754179	0.000000	0.245821	0.000000
6	0.000000	0.000000	0.000000	1.000000
7	0.000000	0.016716	0.000000	0.983284
8	0.969518	0.000000	0.003933	0.026549
9	0.524071	0.090973	0.205034	0.179922
10	0.270697	0.229795	0.265193	0.234315


TF	234_TCA_AMVQR
TF Name	234_TCA_AMVQR
Motif	M45_chu
Pos	A	C	G	T
1	0.276913	0.181661	0.262586	0.278840
2	0.230751	0.437843	0.099692	0.231714
3	0.010597	0.103083	0.000000	0.886320
4	0.246628	0.070328	0.518304	0.164740
5	0.703276	0.000000	0.292871	0.003854
6	0.000000	0.000000	0.000000	1.000000
7	0.000000	0.000000	0.000000	1.000000
8	0.785164	0.000000	0.190751	0.024085
9	0.469161	0.103575	0.328046	0.099218
10	0.227635	0.274774	0.268030	0.229562


TF	235_TAT_RAVSV
TF Name	235_TAT_RAVSV
Motif	M46_chu
Pos	A	C	G	T
1	0.213647	0.268610	0.137581	0.380162
2	0.216916	0.318116	0.258971	0.205997
3	0.152866	0.308462	0.091902	0.446770
4	0.017288	0.000000	0.001820	0.980892
5	0.981802	0.001820	0.008189	0.008189
6	0.999090	0.000910	0.000000	0.000000
7	0.004550	0.017288	0.002730	0.975432
8	0.254777	0.007279	0.639672	0.098271
9	0.306338	0.212315	0.134972	0.346374
10	0.347075	0.114253	0.280768	0.257903


TF	236_TAG_KSTQM
TF Name	236_TAG_KSTQM
Motif	M47_chu
Pos	A	C	G	T
1	0.110039	0.443463	0.056303	0.390195
2	0.047123	0.675640	0.007352	0.269885
3	0.306420	0.569066	0.043774	0.080739
4	0.928988	0.005837	0.065175	0.000000
5	0.000000	0.000000	0.000000	1.000000
6	0.000973	0.048638	0.000000	0.950389
7	0.958171	0.002918	0.000973	0.037938
8	0.496109	0.098249	0.229572	0.176070
9	0.239356	0.234865	0.278640	0.247138
10	0.370933	0.139281	0.276441	0.213345


TF	237_TAG_YAVNA
TF Name	237_TAG_YAVNA
Motif	M48_chu
Pos	A	C	G	T
1	0.255744	0.212186	0.191778	0.340292
2	0.219504	0.262517	0.117717	0.400262
3	0.219631	0.304179	0.297376	0.178814
4	0.137026	0.357629	0.068027	0.437318
5	0.006803	0.001944	0.000000	0.991254
6	0.997085	0.000000	0.002915	0.000000
7	1.000000	0.000000	0.000000	0.000000
8	0.000000	0.000000	0.000000	1.000000
9	0.135083	0.008746	0.474247	0.381924
10	0.477074	0.111361	0.113305	0.298260


TF	238_TAC_QRISV
TF Name	238_TAC_QRISV
Motif	M49_chu
Pos	A	C	G	T
1	0.117326	0.577796	0.059973	0.244905
2	0.207720	0.046970	0.631398	0.113911
3	0.012195	0.384615	0.000000	0.603189
4	0.982176	0.004690	0.010319	0.002814
5	0.000000	0.001876	0.000000	0.998124
6	0.010319	0.034709	0.001876	0.953096
7	0.924953	0.000938	0.003752	0.070356
8	0.508443	0.107880	0.245779	0.137899
9	0.231718	0.249989	0.263122	0.255170
10	0.340699	0.162115	0.250295	0.246891


TF	239_TAA_RTVRA
TF Name	239_TAA_RTVRA
Motif	M50_chu
Pos	A	C	G	T
1	0.306480	0.258515	0.191663	0.243342
2	0.103811	0.731844	0.047535	0.116810
3	0.000929	0.004643	0.045497	0.948932
4	0.576602	0.254410	0.007428	0.161560
5	0.805014	0.145775	0.030641	0.018570
6	0.004643	0.000000	0.000000	0.995357
7	0.000000	0.095636	0.001857	0.902507
8	0.893222	0.000929	0.015785	0.090065
9	0.445931	0.128349	0.242555	0.183164
10	0.263285	0.219538	0.265035	0.252143


TF	23_GTT_GTRAY
TF Name	23_GTT_GTRAY
Motif	M51_chu
Pos	A	C	G	T
1	0.219510	0.433670	0.122494	0.224327
2	0.002776	0.004449	0.025644	0.967131
3	0.925819	0.002890	0.006744	0.064547
4	0.000000	1.000000	0.000000	0.000000
5	0.000000	0.001927	0.000000	0.998073
6	0.000000	0.121387	0.000000	0.878613
7	0.675337	0.092486	0.188825	0.043353
8	0.405588	0.148362	0.323699	0.122351
9	0.287361	0.234797	0.321502	0.156340
10	0.349043	0.201536	0.233327	0.216095


TF	240_GTT_SSRGF
TF Name	240_GTT_SSRGF
Motif	M52_chu
Pos	A	C	G	T
1	0.192163	0.403447	0.103934	0.300456
2	0.017699	0.003764	0.116935	0.861601
3	0.873171	0.000000	0.003902	0.122927
4	0.000000	1.000000	0.000000	0.000000
5	0.000000	0.000000	0.000000	1.000000
6	0.000976	0.109268	0.000000	0.889756
7	0.720976	0.065366	0.157073	0.056585
8	0.414634	0.145366	0.307317	0.132683
9	0.312195	0.217561	0.316098	0.154146
10	0.334253	0.197455	0.245259	0.223033


TF	241_GTT_GLRAF
TF Name	241_GTT_GLRAF
Motif	M53_chu
Pos	A	C	G	T
1	0.203459	0.458796	0.121541	0.216204
2	0.022608	0.003862	0.069549	0.903981
3	0.822549	0.000000	0.031373	0.146078
4	0.000000	1.000000	0.000000	0.000000
5	0.000000	0.000000	0.000000	1.000000
6	0.007843	0.141176	0.000000	0.850980
7	0.625490	0.118627	0.170588	0.085294
8	0.396078	0.168627	0.307843	0.127451
9	0.318627	0.218627	0.301961	0.160784
10	0.328488	0.194551	0.240630	0.236331


TF	242_GTC_LQRGA
TF Name	242_GTC_LQRGA
Motif	M54_chu
Pos	A	C	G	T
1	0.212347	0.359687	0.123341	0.304625
2	0.029101	0.010447	0.081069	0.879383
3	0.919021	0.064972	0.003766	0.012241
4	0.016008	0.932203	0.051789	0.000000
5	0.000000	0.000000	0.000000	1.000000
6	0.029190	0.133710	0.000000	0.837100
7	0.757062	0.056497	0.098870	0.087571
8	0.451036	0.127119	0.302260	0.119586
9	0.271149	0.237326	0.295706	0.195819
10	0.319310	0.189635	0.264023	0.227031


TF	243_GGT_ATKSM
TF Name	243_GGT_ATKSM
Motif	M55_chu
Pos	A	C	G	T
1	0.116707	0.640959	0.069248	0.173086
2	0.106523	0.009699	0.229284	0.654495
3	0.487636	0.306627	0.129575	0.076162
4	0.000000	1.000000	0.000000	0.000000
5	0.000000	0.000000	0.000000	1.000000
6	0.000000	0.080119	0.000000	0.919881
7	0.908012	0.009891	0.006924	0.075173
8	0.522255	0.096934	0.256182	0.124629
9	0.267062	0.202770	0.334322	0.195846
10	0.353751	0.181363	0.260492	0.204394


TF	244_GGT_KMKSV
TF Name	244_GGT_KMKSV
Motif	M56_chu
Pos	A	C	G	T
1	0.135722	0.561815	0.101716	0.200747
2	0.080140	0.002126	0.242520	0.675214
3	0.547783	0.361576	0.068966	0.021675
4	0.000985	0.999015	0.000000	0.000000
5	0.000000	0.000000	0.000000	1.000000
6	0.001970	0.066995	0.000000	0.931034
7	0.811823	0.028571	0.000000	0.159606
8	0.466010	0.099507	0.287685	0.146798
9	0.257143	0.242365	0.282759	0.217734
10	0.334999	0.195543	0.265494	0.203965


TF	245_GCT_RAVKW
TF Name	245_GCT_RAVKW
Motif	M57_chu
Pos	A	C	G	T
1	0.217908	0.271297	0.234987	0.275808
2	0.188974	0.311517	0.295815	0.203694
3	0.116781	0.326791	0.089303	0.467125
4	0.050049	0.010795	0.019627	0.919529
5	0.964671	0.000000	0.035329	0.000000
6	0.997056	0.000981	0.000981	0.000981
7	0.001963	0.000000	0.995093	0.002944
8	0.476234	0.519350	0.000214	0.004202
9	0.186776	0.600271	0.060526	0.152428


TF	246_GCT_ISVKY
TF Name	246_GCT_ISVKY
Motif	M58_chu
Pos	A	C	G	T
1	0.245323	0.249373	0.215622	0.289682
2	0.172613	0.327869	0.287367	0.212150
3	0.128255	0.329797	0.090646	0.451302
4	0.064609	0.001929	0.013500	0.919961
5	0.958534	0.000000	0.037608	0.003857
6	0.998071	0.000000	0.000000	0.001929
7	0.000000	0.000964	0.997107	0.001929
8	0.366569	0.631502	0.000837	0.001092
9	0.197188	0.507730	0.089215	0.205867


TF	247_GCG_RTDRS
TF Name	247_GCG_RTDRS
Motif	M59_chu
Pos	A	C	G	T
1	0.144635	0.502619	0.132354	0.220392
2	0.094082	0.035653	0.279024	0.591241
3	0.195076	0.005682	0.381629	0.417614
4	0.000000	0.877841	0.092803	0.029356
5	0.000000	0.000000	0.000000	1.000000
6	0.000000	0.000000	0.000000	1.000000
7	0.968750	0.000000	0.004735	0.026515
8	0.577652	0.049242	0.266098	0.107008
9	0.229306	0.242759	0.340296	0.187639
10	0.347042	0.193204	0.258545	0.201209


TF	249_GCA_QLKQS
TF Name	249_GCA_QLKQS
Motif	M60_chu
Pos	A	C	G	T
1	0.224117	0.256042	0.211399	0.308442
2	0.183532	0.279762	0.221230	0.315476
3	0.156746	0.300595	0.188492	0.354167
4	0.211310	0.127976	0.115079	0.545635
5	0.823413	0.000000	0.172619	0.003968
6	1.000000	0.000000	0.000000	0.000000
7	0.000000	0.000000	1.000000	0.000000
8	0.015873	0.102183	0.017857	0.864087
9	0.962612	0.000186	0.036892	0.000310
10	0.184233	0.148108	0.434814	0.232844


TF	24_GTG_HLIQY
TF Name	24_GTG_HLIQY
Motif	M61_chu
Pos	A	C	G	T
1	0.184542	0.480732	0.165968	0.168758
2	0.001715	0.827904	0.000606	0.169774
3	0.937790	0.024141	0.000000	0.038069
4	0.000000	0.999071	0.000929	0.000000
5	0.000000	0.000929	0.000000	0.999071
6	0.000000	0.044568	0.000000	0.955432
7	0.761374	0.084494	0.074280	0.079851
8	0.419684	0.126277	0.323120	0.130919
9	0.264624	0.233055	0.333333	0.168988
10	0.328739	0.193545	0.293824	0.183892


TF	250_GAT_AGKTF
TF Name	250_GAT_AGKTF
Motif	M62_chu
Pos	A	C	G	T
1	0.223896	0.257006	0.186486	0.332612
2	0.187071	0.329089	0.217434	0.266405
3	0.108717	0.291871	0.121450	0.477963
4	0.044074	0.005877	0.018609	0.931440
5	0.929481	0.000000	0.070519	0.000000
6	1.000000	0.000000	0.000000	0.000000
7	0.000000	0.000000	1.000000	0.000000
8	0.925563	0.000979	0.022527	0.050930
9	0.141934	0.510857	0.064236	0.282972
10	0.304545	0.141097	0.329147	0.225211


TF	251_CTT_VGYSR
TF Name	251_CTT_VGYSR
Motif	M63_chu
Pos	A	C	G	T
1	0.224377	0.362664	0.143128	0.269832
2	0.287174	0.136907	0.291646	0.284273
3	0.016441	0.243714	0.000000	0.739845
4	0.000000	0.000000	1.000000	0.000000
5	0.000000	0.000000	0.000000	1.000000
6	0.000000	0.088008	0.000000	0.911992
7	0.941973	0.000000	0.000000	0.058027
8	0.468085	0.156673	0.233075	0.142166
9	0.223404	0.287234	0.310445	0.178917
10	0.277874	0.163132	0.276284	0.282710


TF	252_CTC_LRYSK
TF Name	252_CTC_LRYSK
Motif	M64_chu
Pos	A	C	G	T
1	0.125775	0.353217	0.151536	0.369472
2	0.054121	0.024777	0.275010	0.646091
3	0.662932	0.161531	0.146592	0.028945
4	0.000000	0.000000	1.000000	0.000000
5	0.000000	0.000000	0.000000	1.000000
6	0.030812	0.063492	0.000934	0.904762
7	0.945845	0.002801	0.000000	0.051354
8	0.483660	0.123249	0.228758	0.164332
9	0.243993	0.282151	0.258808	0.215048
10	0.331724	0.192085	0.239704	0.236486


TF	253_CGT_VANSR
TF Name	253_CGT_VANSR
Motif	M65_chu
Pos	A	C	G	T
1	0.215362	0.418353	0.124179	0.242105
2	0.326479	0.118124	0.243244	0.312153
3	0.004776	0.113658	0.000000	0.881566
4	0.000000	0.000000	1.000000	0.000000
5	0.000955	0.000000	0.000000	0.999045
6	0.002865	0.082139	0.000000	0.914995
7	0.871060	0.001910	0.000000	0.127030
8	0.471824	0.161414	0.197708	0.169054
9	0.266429	0.271775	0.282281	0.179514


TF	255_CCT_RADGK
TF Name	255_CCT_RADGK
Motif	M66_chu
Pos	A	C	G	T
1	0.261073	0.194839	0.315079	0.229009
2	0.140810	0.492456	0.131735	0.234998
3	0.307615	0.053106	0.166333	0.472946
4	0.090180	0.193387	0.711423	0.005010
5	0.000000	0.001002	0.998998	0.000000
6	0.000000	0.000000	0.000000	1.000000
7	0.004008	0.019038	0.000000	0.976954
8	0.961924	0.000000	0.001002	0.037074
9	0.524634	0.102621	0.212841	0.159904
10	0.287880	0.250697	0.266729	0.194694


TF	256_CCA_RLYQK
TF Name	256_CCA_RLYQK
Motif	M67_chu
Pos	A	C	G	T
1	0.264577	0.187430	0.305942	0.242050
2	0.187242	0.436657	0.188860	0.187242
3	0.000979	0.051910	0.028404	0.918707
4	0.412341	0.114594	0.403526	0.069540
5	0.000979	0.000000	0.999021	0.000000
6	0.000000	0.000000	0.000000	1.000000
7	0.002938	0.034280	0.000979	0.961802
8	0.962782	0.000000	0.000000	0.037218
9	0.455436	0.134182	0.250735	0.159647
10	0.260529	0.244858	0.268364	0.226249


TF	257_CAT_KLCSR
TF Name	257_CAT_KLCSR
Motif	M68_chu
Pos	A	C	G	T
1	0.096073	0.717643	0.067838	0.118446
2	0.309037	0.037753	0.428804	0.224406
3	0.016537	0.222763	0.000000	0.760700
4	0.000000	0.000000	1.000000	0.000000
5	0.000000	0.000000	0.000000	1.000000
6	0.018482	0.147860	0.000000	0.833658
7	0.863813	0.015564	0.003891	0.116732
8	0.532101	0.126459	0.215953	0.125486
9	0.251835	0.250597	0.278807	0.218761
10	0.305031	0.167245	0.288841	0.238883


TF	258_ATT_RTVQQ
TF Name	258_ATT_RTVQQ
Motif	M69_chu
Pos	A	C	G	T
1	0.179657	0.396945	0.159247	0.264151
2	0.001353	0.222417	0.000504	0.775726
3	0.550604	0.441040	0.000000	0.008357
4	1.000000	0.000000	0.000000	0.000000
5	0.000000	0.000000	0.000000	1.000000
6	0.000000	0.031569	0.000000	0.968431
7	0.948932	0.000000	0.000000	0.051068
8	0.422470	0.125348	0.268338	0.183844
9	0.232828	0.255566	0.284349	0.227257
10	0.345473	0.160562	0.247841	0.246123


TF	259_ATA_KMYAW
TF Name	259_ATA_KMYAW
Motif	M70_chu
Pos	A	C	G	T
1	0.108066	0.594764	0.074717	0.222453
2	0.160945	0.058985	0.130919	0.649152
3	0.270047	0.332547	0.038915	0.358491
4	0.040094	0.215802	0.254717	0.489387
5	0.000000	0.000000	0.000000	1.000000
6	0.001179	0.025943	0.000000	0.972877
7	1.000000	0.000000	0.000000	0.000000
8	0.551887	0.119104	0.248821	0.080189
9	0.277445	0.190715	0.269724	0.262115
10	0.386754	0.153930	0.258883	0.200433


TF	25_GTA_YTRQV
TF Name	25_GTA_YTRQV
Motif	M71_chu
Pos	A	C	G	T
1	0.240586	0.455842	0.110604	0.192967
2	0.001315	0.000669	0.000669	0.997346
3	0.967262	0.027778	0.004960	0.000000
4	0.146825	0.853175	0.000000	0.000000
5	0.000000	0.000000	0.000000	1.000000
6	0.033730	0.142857	0.000000	0.823413
7	0.785714	0.025794	0.129960	0.058532
8	0.385913	0.146825	0.340278	0.126984
9	0.292604	0.241622	0.305114	0.160660
10	0.342847	0.200308	0.234038	0.222807


TF	260_ATA_KAYNA
TF Name	260_ATA_KAYNA
Motif	M72_chu
Pos	A	C	G	T
1	0.080791	0.468447	0.091798	0.358964
2	0.136356	0.016436	0.143339	0.703869
3	0.220305	0.483249	0.005076	0.291371
4	0.163452	0.011168	0.807107	0.018274
5	0.000000	0.000000	0.000000	1.000000
6	0.001015	0.002030	0.000000	0.996954
7	0.986802	0.000000	0.000000	0.013198
8	0.426396	0.081218	0.313706	0.178680
9	0.235704	0.236885	0.297799	0.229613
10	0.340580	0.162973	0.275664	0.220783


TF	261_AGG_KSKEA
TF Name	261_AGG_KSKEA
Motif	M73_chu
Pos	A	C	G	T
1	0.257487	0.261418	0.234552	0.246542
2	0.127839	0.448281	0.102012	0.321869
3	0.000000	0.973134	0.000000	0.026866
4	0.361194	0.638806	0.000000	0.000000
5	0.000000	1.000000	0.000000	0.000000
6	0.000000	0.000000	0.000000	1.000000
7	0.019900	0.138308	0.000000	0.841791
8	0.817910	0.034826	0.028856	0.118408
9	0.449751	0.133333	0.275622	0.141294


TF	262_AGA_QFRAW
TF Name	262_AGA_QFRAW
Motif	M74_chu
Pos	A	C	G	T
1	0.293311	0.177759	0.298299	0.230631
2	0.160425	0.572941	0.138997	0.127638
3	0.000000	0.000964	0.000964	0.998071
4	0.360656	0.383799	0.008679	0.246866
5	0.000000	0.910318	0.000000	0.089682
6	0.000000	0.000000	0.000000	1.000000
7	0.000964	0.179364	0.000000	0.819672
8	0.823529	0.052073	0.018322	0.106075
9	0.439371	0.114148	0.279047	0.167433
10	0.300668	0.217172	0.277924	0.204236


TF	263_AGA_VRFAA
TF Name	263_AGA_VRFAA
Motif	M75_chu
Pos	A	C	G	T
1	0.290618	0.182961	0.283659	0.242762
2	0.200493	0.506387	0.174383	0.118738
3	0.000000	0.000000	0.000000	1.000000
4	0.762712	0.216351	0.020937	0.000000
5	0.013958	0.893320	0.061815	0.030907
6	0.000000	0.000000	0.000000	1.000000
7	0.032901	0.193420	0.000000	0.773679
8	0.720837	0.064806	0.057827	0.156530
9	0.412402	0.155893	0.253600	0.178105
10	0.315568	0.219328	0.255220	0.209885


TF	264_ACT_KVYHV
TF Name	264_ACT_KVYHV
Motif	M76_chu
Pos	A	C	G	T
1	0.155152	0.478852	0.164234	0.201762
2	0.212789	0.038270	0.300982	0.447959
3	0.000000	0.000000	1.000000	0.000000
4	0.000000	0.022246	0.016949	0.960805
5	0.000000	0.000000	0.000000	1.000000
6	0.055085	0.011653	0.000000	0.933263
7	0.968220	0.000000	0.000000	0.031780
8	0.479873	0.070975	0.276483	0.172669
9	0.213531	0.280113	0.236681	0.269675
10	0.356298	0.176541	0.263406	0.203756


TF	265_ACG_WYSKY
TF Name	265_ACG_WYSKY
Motif	M77_chu
Pos	A	C	G	T
1	0.275829	0.199317	0.250974	0.273879
2	0.000283	0.002153	0.542114	0.455449
3	0.000975	0.998051	0.000975	0.000000
4	0.000000	0.000000	0.000000	1.000000
5	0.000000	0.074074	0.000000	0.925926
6	0.865089	0.010155	0.003332	0.121424
7	0.360090	0.142346	0.330455	0.167108


TF	266_ACC_KACHS
TF Name	266_ACC_KACHS
Motif	M78_chu
Pos	A	C	G	T
1	0.227320	0.358366	0.153729	0.260586
2	0.141521	0.202733	0.485999	0.169747
3	0.051411	0.017137	0.104839	0.826613
4	0.257056	0.017137	0.725806	0.000000
5	0.005040	0.013105	0.000000	0.981855
6	0.000000	0.000000	0.000000	1.000000
7	0.485887	0.005040	0.000000	0.509073
8	0.768145	0.025202	0.106855	0.099798
9	0.326607	0.176417	0.270167	0.226809
10	0.279808	0.236826	0.254971	0.228396


TF	267_ACA_RVSHT
TF Name	267_ACA_RVSHT
Motif	M79_chu
Pos	A	C	G	T
1	0.185587	0.410486	0.209925	0.194002
2	0.125824	0.072633	0.131539	0.670004
3	0.063114	0.026648	0.835905	0.074334
4	0.000000	0.180926	0.025245	0.793829
5	0.000000	0.000000	0.000000	1.000000
6	0.044881	0.000000	0.000000	0.955119
7	0.946704	0.000000	0.019635	0.033661
8	0.583450	0.040673	0.252454	0.123422
9	0.186126	0.297745	0.294940	0.221189
10	0.330364	0.191375	0.306382	0.171879


TF	268_AAT_KLQAF
TF Name	268_AAT_KLQAF
Motif	M80_chu
Pos	A	C	G	T
1	0.172645	0.561962	0.084255	0.181138
2	0.192820	0.059303	0.047626	0.700251
3	0.445860	0.011677	0.007431	0.535032
4	0.000000	0.585987	0.000000	0.414013
5	0.000000	0.000000	0.000000	1.000000
6	0.000000	0.077495	0.000000	0.922505
7	0.907643	0.037155	0.004246	0.050955
8	0.577495	0.071125	0.251592	0.099788
9	0.331252	0.222357	0.255266	0.191125
10	0.404957	0.158737	0.226678	0.209628


TF	269_AAT_KVTNF
TF Name	269_AAT_KVTNF
Motif	M81_chu
Pos	A	C	G	T
1	0.259732	0.349687	0.129927	0.260655
2	0.276805	0.055605	0.142401	0.525189
3	0.253001	0.023084	0.000000	0.723915
4	0.029548	0.355494	0.004617	0.610342
5	0.000000	0.000000	0.001847	0.998153
6	0.000000	0.011080	0.000000	0.988920
7	0.984303	0.000000	0.002770	0.012927
8	0.507849	0.052632	0.291782	0.147738
9	0.202304	0.269995	0.295849	0.231852
10	0.321023	0.172514	0.284241	0.222223


TF	26_GGT_ALKNM
TF Name	26_GGT_ALKNM
Motif	M82_chu
Pos	A	C	G	T
1	0.201089	0.199149	0.386797	0.212965
2	0.050969	0.789292	0.043449	0.116290
3	0.231591	0.010689	0.438242	0.319477
4	0.209366	0.778164	0.000254	0.012216
5	0.337632	0.659399	0.000254	0.002715
6	0.000680	0.000508	0.001695	0.997117
7	0.000340	0.083389	0.005004	0.911266
8	0.929081	0.014506	0.019256	0.037157
9	0.541077	0.103816	0.224956	0.130151
10	0.270818	0.198303	0.301629	0.229250


TF	270_AAG_RAQWF
TF Name	270_AAG_RAQWF
Motif	M83_chu
Pos	A	C	G	T
1	0.083487	0.758802	0.062284	0.095427
2	0.038733	0.897586	0.025944	0.037738
3	0.000000	0.000000	0.000000	1.000000
4	0.000000	0.431841	0.000000	0.568159
5	0.000000	0.000000	0.000000	1.000000
6	0.037811	0.389055	0.000000	0.573134
7	0.428856	0.269652	0.108458	0.193035
8	0.496517	0.145274	0.192040	0.166169
9	0.385658	0.191457	0.233248	0.189638
10	0.383466	0.156335	0.229967	0.230232


TF	271_AAC_KLQRF
TF Name	271_AAC_KLQRF
Motif	M84_chu
Pos	A	C	G	T
1	0.199876	0.279192	0.325814	0.195118
2	0.048524	0.747860	0.033303	0.170313
3	0.100856	0.000000	0.898192	0.000951
4	0.005709	0.001903	0.000000	0.992388
5	0.000000	0.537583	0.018078	0.444339
6	0.000000	0.001903	0.000000	0.998097
7	0.000951	0.211227	0.000951	0.786870
8	0.748811	0.115128	0.047574	0.088487
9	0.509990	0.135109	0.214082	0.140818
10	0.315890	0.222645	0.269267	0.192198


TF	272_AAC_VAQRC
TF Name	272_AAC_VAQRC
Motif	M85_chu
Pos	A	C	G	T
1	0.237754	0.273132	0.285574	0.203539
2	0.054718	0.656013	0.032373	0.256896
3	0.000000	0.006221	0.978227	0.015552
4	0.000000	0.000000	0.003110	0.996890
5	0.000000	0.031104	0.012442	0.956454
6	0.002060	0.001829	0.000273	0.995839
7	0.007776	0.245723	0.000000	0.746501
8	0.786936	0.127527	0.045101	0.040435
9	0.524610	0.123135	0.196230	0.156025
10	0.304275	0.232273	0.263377	0.200075


TF	27_GGT_LTKDQ
TF Name	27_GGT_LTKDQ
Motif	M86_chu
Pos	A	C	G	T
1	0.096512	0.523571	0.101210	0.278707
2	0.041297	0.019262	0.008910	0.930531
3	0.000000	0.998965	0.000000	0.001035
4	0.000000	1.000000	0.000000	0.000000
5	0.000000	0.000000	0.000000	1.000000
6	0.000000	0.026915	0.000000	0.973085
7	0.815735	0.024845	0.005176	0.154244
8	0.461698	0.107660	0.283644	0.146998
9	0.247271	0.223226	0.307077	0.222426
10	0.331956	0.198582	0.271046	0.198416


TF	28_GGG_RSKER
TF Name	28_GGG_RSKER
Motif	M87_chu
Pos	A	C	G	T
1	0.105731	0.536767	0.063454	0.294049
2	0.001208	0.996274	0.001309	0.001208
3	0.087613	0.912387	0.000000	0.000000
4	0.000000	1.000000	0.000000	0.000000
5	0.000000	0.000000	0.000000	1.000000
6	0.008056	0.238671	0.000000	0.753273
7	0.889225	0.049345	0.006042	0.055388
8	0.536757	0.112790	0.261833	0.088620
9	0.297321	0.200665	0.294320	0.207694
10	0.304475	0.190489	0.308314	0.196721


TF	29_GGC_TLKNQ
TF Name	29_GGC_TLKNQ
Motif	M88_chu
Pos	A	C	G	T
1	0.179310	0.235766	0.356369	0.228556
2	0.045739	0.871849	0.035668	0.046744
3	0.232161	0.000000	0.767839	0.000000
4	0.000000	0.996985	0.001005	0.002010
5	0.002010	0.997990	0.000000	0.000000
6	0.000000	0.000000	0.000000	1.000000
7	0.013065	0.097487	0.001005	0.888442
8	0.715814	0.072629	0.036448	0.175110
9	0.468577	0.132930	0.244488	0.154005


TF	2_TTT_RTVSA
TF Name	2_TTT_RTVSA
Motif	M89_chu
Pos	A	C	G	T
1	0.239305	0.390422	0.114162	0.256111
2	0.301539	0.102873	0.219469	0.376119
3	0.274160	0.393908	0.000000	0.331933
4	0.995798	0.000000	0.004202	0.000000
5	0.000000	0.000000	0.000000	1.000000
6	0.000000	0.000000	0.002101	0.997899
7	0.997899	0.000000	0.002101	0.000000
8	0.548319	0.013655	0.348739	0.089286
9	0.084283	0.336935	0.306473	0.272309
10	0.390841	0.094979	0.333424	0.180757


TF	301_AAG_RSQWH
TF Name	301_AAG_RSQWH
Motif	M90_chu
Pos	A	C	G	T
1	0.085351	0.768295	0.060004	0.086350
2	0.031048	0.910511	0.026395	0.032047
3	0.000000	0.000999	0.000000	0.999001
4	0.000000	0.400599	0.000999	0.598402
5	0.000000	0.000999	0.000999	0.998002
6	0.005994	0.364635	0.000000	0.629371
7	0.499500	0.250749	0.086913	0.162837
8	0.567433	0.129870	0.158841	0.143856
9	0.348244	0.192216	0.246162	0.213379
10	0.369858	0.172600	0.223549	0.233993


TF	302_ATA_LRWNS
TF Name	302_ATA_LRWNS
Motif	M91_chu
Pos	A	C	G	T
1	0.212780	0.293509	0.170867	0.322843
2	0.213477	0.316397	0.262938	0.207187
3	0.066038	0.301887	0.072327	0.559748
4	0.000000	0.000000	0.000000	1.000000
5	0.996855	0.000000	0.003145	0.000000
6	1.000000	0.000000	0.000000	0.000000
7	0.019796	0.000644	0.874858	0.104702
8	0.172956	0.150943	0.000000	0.676101
9	0.768131	0.159542	0.024322	0.048005
10	0.186323	0.176884	0.431601	0.205191


TF	303_CTC_VMNRK
TF Name	303_CTC_VMNRK
Motif	M92_chu
Pos	A	C	G	T
1	0.254681	0.247772	0.332169	0.165378
2	0.041811	0.338954	0.045529	0.573705
3	0.010795	0.010795	0.798822	0.179588
