TF	10_TGG_KSVMQ
TF Name	10_TGG_KSVMQ
Motif	M1_chu
Pos	A	C	G	T
1	0.146104	0.387927	0.165779	0.300190
2	0.137901	0.330334	0.138810	0.392955
3	0.127250	0.872750	0.000000	0.000000
4	1.000000	0.000000	0.000000	0.000000
5	0.000000	0.000000	0.000000	1.000000
6	0.000000	0.000000	0.000000	1.000000
7	0.995680	0.000000	0.000000	0.004320
8	0.468098	0.043612	0.329530	0.158760
9	0.184353	0.225988	0.310212	0.279448
10	0.320797	0.185643	0.310842	0.182718


TF	11_TGA_KSVAQ
TF Name	11_TGA_KSVAQ
Motif	M2_chu
Pos	A	C	G	T
1	0.162675	0.401844	0.159768	0.275713
2	0.024531	0.014443	0.012604	0.948422
3	0.268253	0.725230	0.000000	0.006517
4	0.997967	0.000000	0.002033	0.000000
5	0.000000	0.000000	0.000000	1.000000
6	0.000000	0.007587	0.000000	0.992413
7	0.970262	0.000000	0.000000	0.029738
8	0.445673	0.098975	0.290486	0.164867
9	0.195867	0.255847	0.308886	0.239401
10	0.292223	0.208598	0.284585	0.214593


TF	12_TGA_RGVAA
TF Name	12_TGA_RGVAA
Motif	M3_chu
Pos	A	C	G	T
1	0.191107	0.362051	0.182280	0.264561
2	0.059863	0.171752	0.054705	0.713680
3	0.569566	0.414302	0.000830	0.015303
4	1.000000	0.000000	0.000000	0.000000
5	0.000000	0.000000	0.000000	1.000000
6	0.000000	0.000649	0.000000	0.999351
7	0.998252	0.000000	0.000000	0.001748
8	0.494933	0.063769	0.309463	0.131836
9	0.177370	0.282720	0.299796	0.240114
10	0.284204	0.210556	0.286896	0.218345


TF	13_TCT_ATVKA
TF Name	13_TCT_ATVKA
Motif	M4_chu
Pos	A	C	G	T
1	0.229979	0.325713	0.222423	0.221885
2	0.098800	0.076267	0.699026	0.125908
3	0.065828	0.015561	0.915064	0.003547
4	0.991656	0.000000	0.001038	0.007305
5	0.000000	0.003073	0.000710	0.996217
6	0.002073	0.013253	0.000000	0.984673
7	0.950669	0.000695	0.009648	0.038988
8	0.412242	0.106265	0.313524	0.167970
9	0.213571	0.271844	0.254838	0.259747
10	0.273740	0.244834	0.267988	0.213438


TF	14_TCG_KGTQM
TF Name	14_TCG_KGTQM
Motif	M5_chu
Pos	A	C	G	T
1	0.115034	0.497811	0.126952	0.260204
2	0.035120	0.783794	0.024618	0.156468
3	0.240723	0.705424	0.025295	0.028558
4	0.980873	0.001409	0.017718	0.000000
5	0.001452	0.003441	0.001452	0.993655
6	0.000480	0.010828	0.000480	0.988211
7	0.981423	0.001561	0.001561	0.015454
8	0.485650	0.069233	0.293122	0.151995
9	0.174796	0.214247	0.292322	0.318635
10	0.319168	0.196292	0.292508	0.192031


TF	15_TCC_RMIKS
TF Name	15_TCC_RMIKS
Motif	M6_chu
Pos	A	C	G	T
1	0.244090	0.293535	0.248039	0.214337
2	0.128503	0.094060	0.681748	0.095690
3	0.000000	0.000541	0.991061	0.008397
4	0.985028	0.014972	0.000000	0.000000
5	0.001686	0.000000	0.000000	0.998314
6	0.000000	0.000541	0.002382	0.997077
7	0.971716	0.000696	0.000000	0.027588
8	0.439750	0.094518	0.319132	0.146600
9	0.197447	0.273891	0.272587	0.256076
10	0.268369	0.246598	0.267158	0.217875


TF	168_ACG_SRYDR
TF Name	168_ACG_SRYDR
Motif	M7_chu
Pos	A	C	G	T
1	0.266845	0.254107	0.244126	0.234921
2	0.226760	0.154329	0.167473	0.451438
3	0.003511	0.873514	0.006982	0.115993
4	0.000000	0.000000	0.996579	0.003421
5	0.000816	0.003909	0.000000	0.995275
6	0.009439	0.007798	0.003427	0.979336
7	0.977910	0.000000	0.000816	0.021274
8	0.679655	0.043323	0.216658	0.060364
9	0.236203	0.294595	0.245611	0.223590


TF	17_TAT_TRVSA
TF Name	17_TAT_TRVSA
Motif	M8_chu
Pos	A	C	G	T
1	0.197323	0.388247	0.197614	0.216816
2	0.211041	0.184464	0.361067	0.243429
3	0.094592	0.617017	0.000791	0.287600
4	0.982282	0.000616	0.017102	0.000000
5	0.000000	0.000000	0.000000	1.000000
6	0.000000	0.000000	0.001377	0.998623
7	0.992030	0.001648	0.000000	0.006322
8	0.476329	0.051629	0.308972	0.163070
9	0.146293	0.278714	0.299793	0.275200
10	0.327297	0.170518	0.282176	0.220009


TF	18_TAG_RLTQA
TF Name	18_TAG_RLTQA
Motif	M9_chu
Pos	A	C	G	T
1	0.231596	0.250833	0.278214	0.239358
2	0.099965	0.600678	0.108607	0.190751
3	0.000000	0.543634	0.023616	0.432750
4	0.661552	0.188523	0.000000	0.149925
5	0.841697	0.004271	0.154032	0.000000
6	0.000851	0.000851	0.000851	0.997448
7	0.000736	0.040267	0.000736	0.958261
8	0.974118	0.000674	0.000674	0.024534
9	0.465205	0.090545	0.258707	0.185544
10	0.218425	0.233164	0.297980	0.250431


TF	1_TTT_RTVAA
TF Name	1_TTT_RTVAA
Motif	M11_chu
Pos	A	C	G	T
1	0.232021	0.285016	0.218824	0.264139
2	0.160084	0.144999	0.144090	0.550827
3	0.744345	0.222611	0.011128	0.021916
4	1.000000	0.000000	0.000000	0.000000
5	0.000000	0.000000	0.000000	1.000000
6	0.000000	0.000640	0.044928	0.954432
7	0.997088	0.000000	0.002912	0.000000
8	0.443847	0.036796	0.434600	0.084757
9	0.150597	0.321115	0.296897	0.231390
10	0.282526	0.212148	0.283424	0.221902


TF	201_TGC_VRVSQ
TF Name	201_TGC_VRVSQ
Motif	M12_chu
Pos	A	C	G	T
1	0.192334	0.376025	0.192412	0.239230
2	0.204066	0.143920	0.400327	0.251687
3	0.031985	0.953384	0.000000	0.014631
4	0.998293	0.000000	0.001707	0.000000
5	0.000000	0.001494	0.000000	0.998506
6	0.002563	0.018118	0.000000	0.979318
7	0.962763	0.002518	0.014856	0.019863
8	0.540985	0.037156	0.275732	0.146127
9	0.163224	0.284024	0.272565	0.280188
10	0.300121	0.188890	0.308470	0.202519


TF	202_GTG_NAREF
TF Name	202_GTG_NAREF
Motif	M13_chu
Pos	A	C	G	T
1	0.225573	0.306110	0.227119	0.241198
2	0.002613	0.241709	0.001884	0.753794
3	0.987692	0.011118	0.000000	0.001190
4	0.000000	1.000000	0.000000	0.000000
5	0.000000	0.000000	0.000000	1.000000
6	0.000784	0.019772	0.000000	0.979444
7	0.760933	0.045527	0.165944	0.027596
8	0.416272	0.144105	0.308755	0.130868
9	0.329796	0.207641	0.316179	0.146384
10	0.295824	0.222764	0.254696	0.226716


TF	203_GTC_VQKRF
TF Name	203_GTC_VQKRF
Motif	M14_chu
Pos	A	C	G	T
1	0.226018	0.266682	0.275708	0.231592
2	0.095324	0.669666	0.096984	0.138026
3	0.001051	0.000625	0.859534	0.138790
4	0.288257	0.000000	0.000000	0.711743
5	0.000538	0.999462	0.000000	0.000000
6	0.000000	0.000000	0.000000	1.000000
7	0.000000	0.194335	0.000625	0.805041
8	0.779065	0.106710	0.026736	0.087488
9	0.500422	0.117134	0.265925	0.116520


TF	204_GCG_RTDRY
TF Name	204_GCG_RTDRY
Motif	M15_chu
Pos	A	C	G	T
1	0.206347	0.249024	0.200183	0.344446
2	0.152390	0.331038	0.229405	0.287167
3	0.117555	0.300151	0.094185	0.488109
4	0.022511	0.018889	0.002508	0.956092
5	0.998774	0.000000	0.000000	0.001226
6	1.000000	0.000000	0.000000	0.000000
7	0.000000	0.000000	1.000000	0.000000
8	0.585127	0.358543	0.000000	0.056330
9	0.402054	0.237198	0.146291	0.214457
10	0.225773	0.229109	0.323271	0.221847


TF	205_GAA_TQRQW
TF Name	205_GAA_TQRQW
Motif	M16_chu
Pos	A	C	G	T
1	0.239061	0.298894	0.231536	0.230509
2	0.000741	0.000741	0.000741	0.997778
3	0.741036	0.000000	0.008277	0.250687
4	0.000000	1.000000	0.000000	0.000000
5	0.000000	0.000000	0.000000	1.000000
6	0.000000	0.114739	0.000000	0.885261
7	0.646551	0.092753	0.195502	0.065194
8	0.375406	0.156672	0.336671	0.131251
9	0.337423	0.208808	0.299242	0.154527
10	0.314488	0.224280	0.242771	0.218460


TF	207_CTT_ITYGK
TF Name	207_CTT_ITYGK
Motif	M17_chu
Pos	A	C	G	T
1	0.089296	0.278692	0.098853	0.533160
2	0.091705	0.041290	0.084879	0.782125
3	0.603233	0.195661	0.189040	0.012066
4	0.000000	0.000751	0.999249	0.000000
5	0.001915	0.000000	0.000000	0.998085
6	0.000959	0.035725	0.002169	0.961147
7	0.974828	0.002169	0.000751	0.022253
8	0.566348	0.074513	0.227892	0.131247
9	0.208314	0.284447	0.243916	0.263323
10	0.276218	0.231271	0.261986	0.230525


TF	208_CTC_HFNRK
TF Name	208_CTC_HFNRK
Motif	M18_chu
Pos	A	C	G	T
1	0.216382	0.287474	0.271560	0.224584
2	0.163023	0.188988	0.063674	0.584315
3	0.030400	0.000000	0.000000	0.969600
4	0.925320	0.000000	0.064601	0.010080
5	1.000000	0.000000	0.000000	0.000000
6	0.000000	0.622663	0.377337	0.000000
7	0.166841	0.074771	0.009337	0.749051
8	0.382509	0.617160	0.000000	0.000331
9	0.153844	0.238748	0.472396	0.135012
10	0.199134	0.315216	0.224423	0.261228


TF	209_CGC_PRDSR
TF Name	209_CGC_PRDSR
Motif	M19_chu
Pos	A	C	G	T
1	0.183993	0.406532	0.199987	0.209488
2	0.300055	0.120874	0.358092	0.220979
3	0.003319	0.280499	0.000000	0.716182
4	0.000362	0.000000	0.999638	0.000000
5	0.000000	0.000000	0.000000	1.000000
6	0.023169	0.021039	0.000000	0.955792
7	0.975919	0.000000	0.001701	0.022380
8	0.732399	0.050658	0.164747	0.052196
9	0.249434	0.319689	0.251513	0.179364
10	0.280733	0.214049	0.266283	0.238935


TF	20_TAC_QRVSA
TF Name	20_TAC_QRVSA
Motif	M20_chu
Pos	A	C	G	T
1	0.158069	0.493599	0.158064	0.190267
2	0.169446	0.135807	0.490495	0.204252
3	0.120642	0.357348	0.001189	0.520822
4	0.980284	0.003190	0.014230	0.002296
5	0.000552	0.000552	0.000552	0.998345
6	0.000475	0.015793	0.001027	0.982704
7	0.959064	0.005035	0.007143	0.028758
8	0.523517	0.075847	0.287579	0.113057
9	0.163119	0.265684	0.251619	0.319578
10	0.306319	0.181108	0.299353	0.213220


TF	210_CCG_RSNQK
TF Name	210_CCG_RSNQK
Motif	M21_chu
Pos	A	C	G	T
1	0.207868	0.348322	0.209664	0.234145
2	0.037863	0.270485	0.080148	0.611505
3	0.298228	0.000000	0.674954	0.026818
4	0.000000	0.035023	0.964977	0.000000
5	0.000000	0.000000	0.000000	1.000000
6	0.005267	0.005240	0.000000	0.989494
7	0.984386	0.001276	0.002850	0.011488
8	0.567563	0.061541	0.242568	0.128328
9	0.246185	0.258934	0.268612	0.226269
10	0.279422	0.226631	0.269360	0.224587


TF	211_ATT_TKNQN
TF Name	211_ATT_TKNQN
Motif	M22_chu
Pos	A	C	G	T
1	0.264515	0.223449	0.279660	0.232376
2	0.183565	0.285819	0.252856	0.277760
3	0.005330	0.992589	0.000000	0.002081
4	0.976275	0.003132	0.013710	0.006883
5	0.912490	0.000000	0.087510	0.000000
6	0.000000	0.000000	0.000000	1.000000
7	0.000000	0.049529	0.000000	0.950471
8	0.948260	0.000000	0.000000	0.051740
9	0.526998	0.028926	0.295461	0.148615
10	0.219494	0.244213	0.288058	0.248236


TF	212_ATA_RVTNA
TF Name	212_ATA_RVTNA
Motif	M23_chu
Pos	A	C	G	T
1	0.231825	0.342611	0.226642	0.198922
2	0.128078	0.100337	0.108696	0.662889
3	0.592687	0.310001	0.014160	0.083152
4	0.958433	0.006366	0.030760	0.004441
5	0.005541	0.000000	0.000381	0.994077
6	0.000000	0.047870	0.013429	0.938701
7	0.966584	0.006584	0.009164	0.017669
8	0.454890	0.104142	0.302336	0.138631
9	0.179545	0.322158	0.273024	0.225273


TF	213_AGG_KMKES
TF Name	213_AGG_KMKES
Motif	M24_chu
Pos	A	C	G	T
1	0.155078	0.448579	0.136768	0.259575
2	0.001915	0.993794	0.001915	0.002376
3	0.177575	0.822425	0.000000	0.000000
4	0.011221	0.988779	0.000000	0.000000
5	0.000000	0.000000	0.000000	1.000000
6	0.008278	0.066171	0.000000	0.925551
7	0.886255	0.017966	0.010835	0.084945
8	0.504698	0.114670	0.277768	0.102864
9	0.258386	0.213097	0.322695	0.205822
10	0.294012	0.205604	0.276412	0.223972


TF	215_TTC_KRLAA
TF Name	215_TTC_KRLAA
Motif	M25_chu
Pos	A	C	G	T
1	0.206409	0.284597	0.214596	0.294399
2	0.239408	0.270420	0.261774	0.228397
3	0.092835	0.378945	0.118437	0.409783
4	0.115963	0.031607	0.001589	0.850840
5	0.939468	0.000000	0.060532	0.000000
6	1.000000	0.000000	0.000000	0.000000
7	0.000000	0.038633	0.000000	0.961367
8	0.027998	0.000000	0.201737	0.770265
9	0.893505	0.045631	0.027592	0.033272
10	0.250140	0.225375	0.279256	0.245229


TF	216_TGC_NRVMM
TF Name	216_TGC_NRVMM
Motif	M26_chu
Pos	A	C	G	T
1	0.169187	0.398180	0.167467	0.265166
2	0.139050	0.078343	0.511690	0.270917
3	0.007081	0.991687	0.001232	0.000000
4	0.998706	0.000000	0.001294	0.000000
5	0.000000	0.000971	0.000000	0.999029
6	0.000000	0.016001	0.000000	0.983999
7	0.971229	0.002788	0.008498	0.017486
8	0.452324	0.075073	0.290886	0.181717
9	0.222797	0.249367	0.271796	0.256040
10	0.295946	0.195329	0.301244	0.207481


TF	217_GGG_KSKEG
TF Name	217_GGG_KSKEG
Motif	M27_chu
Pos	A	C	G	T
1	0.220077	0.273212	0.222227	0.284484
2	0.205880	0.296041	0.211454	0.286625
3	0.101268	0.293380	0.106501	0.498851
4	0.079856	0.020765	0.011483	0.887895
5	0.914919	0.000000	0.078724	0.006357
6	0.992436	0.004966	0.000000	0.002598
7	0.008977	0.001099	0.984685	0.005239
8	0.000403	0.000403	0.901508	0.097685
9	0.008374	0.013647	0.971147	0.006831
10	0.307830	0.137530	0.400350	0.154289


TF	218_CTG_KQNQK
TF Name	218_CTG_KQNQK
Motif	M28_chu
Pos	A	C	G	T
1	0.232833	0.240840	0.288693	0.237635
2	0.207943	0.294107	0.213749	0.284201
3	0.006524	0.325441	0.026048	0.641987
4	0.497638	0.001265	0.495859	0.005237
5	0.002530	0.000000	0.997470	0.000000
6	0.000000	0.000000	0.000000	1.000000
7	0.000000	0.000000	0.000000	1.000000
8	0.986207	0.000000	0.002146	0.011647
9	0.574294	0.057060	0.251775	0.116872
10	0.234418	0.261582	0.273160	0.230840


TF	219_CTG_KVYER
TF Name	219_CTG_KVYER
Motif	M29_chu
Pos	A	C	G	T
1	0.146855	0.458008	0.115324	0.279814
2	0.004395	0.946244	0.009219	0.040143
3	0.086448	0.562944	0.277331	0.073277
4	0.000000	0.002000	0.998000	0.000000
5	0.000000	0.000000	0.000000	1.000000
6	0.000000	0.014925	0.000000	0.985075
7	0.971107	0.000000	0.000000	0.028893
8	0.544140	0.059464	0.296190	0.100206
9	0.205555	0.218683	0.256547	0.319215
10	0.297490	0.201155	0.282956	0.218399


TF	21_TAC_ERVSV
TF Name	21_TAC_ERVSV
Motif	M30_chu
Pos	A	C	G	T
1	0.239940	0.248436	0.278406	0.233218
2	0.104691	0.617620	0.103303	0.174385
3	0.041228	0.000000	0.709257	0.249515
4	0.208597	0.377370	0.000000	0.414033
5	0.979772	0.004796	0.015432	0.000000
6	0.000000	0.000000	0.000000	1.000000
7	0.014420	0.025767	0.000000	0.959813
8	0.954999	0.003953	0.001175	0.039873
9	0.418906	0.157416	0.219838	0.203841
10	0.237106	0.255380	0.239206	0.268309


TF	220_CTG_LTYQK
TF Name	220_CTG_LTYQK
Motif	M31_chu
Pos	A	C	G	T
1	0.268200	0.255160	0.228509	0.248131
2	0.151836	0.254191	0.123059	0.470913
3	0.025687	0.000000	0.000000	0.974313
4	0.983427	0.000000	0.015989	0.000583
5	1.000000	0.000000	0.000000	0.000000
6	0.000000	0.998663	0.000000	0.001337
7	0.046700	0.579251	0.057992	0.316057
8	0.938441	0.044034	0.016557	0.000969
9	0.181407	0.148614	0.518031	0.151948
10	0.240296	0.267071	0.256311	0.236322


TF	221_CTG_RLYQK
TF Name	221_CTG_RLYQK
Motif	M32_chu
Pos	A	C	G	T
1	0.235965	0.233618	0.303162	0.227255
2	0.202320	0.413605	0.212884	0.171191
3	0.001505	0.010381	0.009422	0.978693
4	0.329239	0.094409	0.507130	0.069221
5	0.001740	0.000000	0.998260	0.000000
6	0.000000	0.000000	0.000000	1.000000
7	0.005493	0.018161	0.000000	0.976346
8	0.977541	0.004335	0.001124	0.017000
9	0.570446	0.068721	0.250178	0.110655
10	0.246519	0.255268	0.277089	0.221123


TF	222_CTC_SKYGK
TF Name	222_CTC_SKYGK
Motif	M33_chu
Pos	A	C	G	T
1	0.231615	0.241400	0.299780	0.227204
2	0.153159	0.213446	0.299809	0.333586
3	0.144243	0.000000	0.156016	0.699741
4	0.842516	0.092898	0.063227	0.001359
5	0.000000	0.000000	1.000000	0.000000
6	0.000000	0.000000	0.000000	1.000000
7	0.025537	0.033464	0.000000	0.940999
8	0.966029	0.000614	0.001052	0.032305
9	0.546417	0.114539	0.201511	0.137533
10	0.283322	0.242137	0.247531	0.227010


TF	223_CTC_RTFGK
TF Name	223_CTC_RTFGK
Motif	M34_chu
Pos	A	C	G	T
1	0.219561	0.230069	0.330584	0.219786
2	0.061705	0.237746	0.078413	0.622135
3	0.071118	0.002372	0.100074	0.826436
4	0.776919	0.170167	0.048330	0.004584
5	0.000000	0.000000	1.000000	0.000000
6	0.000000	0.000000	0.000000	1.000000
7	0.035889	0.083843	0.001381	0.878887
8	0.897377	0.013057	0.003020	0.086546
9	0.490818	0.131845	0.221219	0.156118
10	0.287887	0.206756	0.261114	0.244243


TF	224_CCC_IMNSK
TF Name	224_CCC_IMNSK
Motif	M35_chu
Pos	A	C	G	T
1	0.208353	0.239606	0.291882	0.260158
2	0.085479	0.702923	0.081015	0.130583
3	0.144878	0.007968	0.664330	0.182824
4	0.117622	0.064907	0.775289	0.042181
5	0.057838	0.007619	0.930678	0.003864
6	0.000000	0.010138	0.012012	0.977850
7	0.013778	0.018073	0.000000	0.968149
8	0.880984	0.022692	0.040157	0.056167
9	0.457339	0.121585	0.248086	0.172991


TF	225_AAC_SLQRF
TF Name	225_AAC_SLQRF
Motif	M36_chu
Pos	A	C	G	T
1	0.226059	0.257173	0.282377	0.234390
2	0.122185	0.588053	0.121835	0.167928
3	0.032182	0.022857	0.943858	0.001103
4	0.003953	0.028265	0.000000	0.967782
5	0.016019	0.494521	0.015980	0.473480
6	0.000000	0.000000	0.000000	1.000000
7	0.007169	0.173023	0.000000	0.819809
8	0.870029	0.064098	0.022113	0.043760
9	0.561279	0.117922	0.213182	0.107617
10	0.307727	0.207084	0.302852	0.182337


TF	226_TTT_KMISA
TF Name	226_TTT_KMISA
Motif	M37_chu
Pos	A	C	G	T
1	0.146041	0.518060	0.143415	0.192484
2	0.250422	0.132254	0.233410	0.383914
3	0.390118	0.348682	0.004978	0.256223
4	0.989009	0.000000	0.010991	0.000000
5	0.000000	0.000000	0.000000	1.000000
6	0.000000	0.005015	0.000000	0.994985
7	0.979413	0.000000	0.000000	0.020587
8	0.475632	0.097101	0.256008	0.171259
9	0.228163	0.249145	0.265842	0.256850
10	0.285823	0.214403	0.271912	0.227862


TF	227_TTT_YRIAA
TF Name	227_TTT_YRIAA
Motif	M38_chu
Pos	A	C	G	T
1	0.209915	0.205769	0.206141	0.378175
2	0.908287	0.038821	0.003606	0.049286
3	0.997570	0.000000	0.002430	0.000000
4	0.000000	0.000000	0.000000	1.000000
5	0.000000	0.049170	0.000000	0.950830
6	0.940635	0.002024	0.011576	0.045765
7	0.360950	0.138741	0.341919	0.158391
8	0.236026	0.264792	0.286685	0.212496
9	0.333357	0.184781	0.264305	0.217557
10	0.296585	0.241060	0.226244	0.236110


TF	228_TTG_KMLQA
TF Name	228_TTG_KMLQA
Motif	M39_chu
Pos	A	C	G	T
1	0.204211	0.347456	0.188998	0.259335
2	0.008767	0.423187	0.007987	0.560058
3	0.620149	0.255347	0.000000	0.124504
4	0.729823	0.000000	0.270177	0.000000
5	0.000000	0.000000	0.000000	1.000000
6	0.000000	0.032254	0.000000	0.967746
7	0.942728	0.000000	0.000000	0.057272
8	0.425111	0.118576	0.314801	0.141512
9	0.236807	0.235548	0.276001	0.251644
10	0.289551	0.221918	0.271125	0.217406


TF	229_TTC_GRISA
TF Name	229_TTC_GRISA
Motif	M40_chu
Pos	A	C	G	T
1	0.187841	0.409660	0.184848	0.217651
2	0.205909	0.146358	0.376759	0.270974
3	0.240695	0.241793	0.000000	0.517512
4	0.984874	0.000000	0.015126	0.000000
5	0.000000	0.000000	0.000000	1.000000
6	0.000000	0.029236	0.000000	0.970764
7	0.942612	0.003356	0.002895	0.051137
8	0.489814	0.069349	0.289973	0.150865
9	0.205794	0.279843	0.265691	0.248672
10	0.293722	0.202652	0.281645	0.221982


TF	22_TAA_RITAA
TF Name	22_TAA_RITAA
Motif	M41_chu
Pos	A	C	G	T
1	0.207766	0.381608	0.203657	0.206968
2	0.151859	0.139043	0.146449	0.562650
3	0.544899	0.274110	0.004736	0.176256
4	0.936408	0.002076	0.061515	0.000000
5	0.001389	0.000000	0.000000	0.998611
6	0.000651	0.023950	0.001830	0.973568
7	0.979314	0.000905	0.004526	0.015256
8	0.496085	0.022833	0.402179	0.078903
9	0.145790	0.325188	0.293339	0.235683
10	0.313425	0.190931	0.298559	0.197084


TF	230_TGC_ERISQ
TF Name	230_TGC_ERISQ
Motif	M42_chu
Pos	A	C	G	T
1	0.150089	0.499093	0.149878	0.200941
2	0.203643	0.089830	0.495528	0.210999
3	0.016455	0.859404	0.000000	0.124141
4	0.996667	0.000000	0.003333	0.000000
5	0.000000	0.000000	0.000000	1.000000
6	0.000560	0.046875	0.000000	0.952566
7	0.887416	0.001901	0.000824	0.109858
8	0.449402	0.121851	0.239851	0.188896
9	0.231992	0.256902	0.242544	0.268562
10	0.280294	0.217304	0.274392	0.228010


TF	232_TCG_IKNQM
TF Name	232_TCG_IKNQM
Motif	M43_chu
Pos	A	C	G	T
1	0.216087	0.289667	0.254266	0.239979
2	0.050037	0.604965	0.045986	0.299012
3	0.385644	0.546280	0.027716	0.040360
4	0.916404	0.002861	0.080281	0.000454
5	0.000000	0.000000	0.000000	1.000000
6	0.000000	0.006077	0.000000	0.993923
7	0.991452	0.000287	0.003041	0.005220
8	0.555769	0.031439	0.258385	0.154406
9	0.157544	0.296080	0.310452	0.235924
10	0.295989	0.196214	0.296715	0.211083


TF	233_TCG_VMNQQ
TF Name	233_TCG_VMNQQ
Motif	M44_chu
Pos	A	C	G	T
1	0.252801	0.226410	0.284405	0.236384
2	0.106431	0.483232	0.118310	0.292027
3	0.004005	0.784629	0.000574	0.210792
4	0.369640	0.369552	0.077193	0.183614
5	0.767640	0.000000	0.232360	0.000000
6	0.000000	0.000000	0.000000	1.000000
7	0.000000	0.015271	0.000000	0.984729
8	0.969295	0.000000	0.006391	0.024314
9	0.523453	0.086670	0.200307	0.189570
10	0.263265	0.223455	0.277530	0.235750


TF	234_TCA_AMVQR
TF Name	234_TCA_AMVQR
Motif	M45_chu
Pos	A	C	G	T
1	0.243334	0.242399	0.270329	0.243939
2	0.222558	0.357806	0.193247	0.226388
3	0.011629	0.074072	0.000000	0.914299
4	0.238819	0.047814	0.536863	0.176503
5	0.730086	0.000000	0.266630	0.003284
6	0.000000	0.000000	0.000000	1.000000
7	0.000000	0.000000	0.000000	1.000000
8	0.785983	0.000000	0.196362	0.017655
9	0.470736	0.104262	0.323055	0.101947
10	0.229543	0.281844	0.261493	0.227120


TF	235_TAT_RAVSV
TF Name	235_TAT_RAVSV
Motif	M46_chu
Pos	A	C	G	T
1	0.208139	0.273294	0.159471	0.359096
2	0.219869	0.324964	0.250884	0.204283
3	0.146487	0.311884	0.083026	0.458604
4	0.014892	0.000000	0.001909	0.983199
5	0.993390	0.001474	0.001861	0.003274
6	0.998783	0.001217	0.000000	0.000000
7	0.002312	0.006264	0.001630	0.989794
8	0.254935	0.001654	0.670532	0.072878
9	0.244882	0.261981	0.229528	0.263609
10	0.257867	0.229821	0.280720	0.231593


TF	236_TAG_KSTQM
TF Name	236_TAG_KSTQM
Motif	M47_chu
Pos	A	C	G	T
1	0.154030	0.377109	0.151275	0.317586
2	0.055644	0.663257	0.025376	0.255723
3	0.306221	0.576775	0.041045	0.075958
4	0.937694	0.005513	0.056793	0.000000
5	0.000000	0.000000	0.000000	1.000000
6	0.000824	0.043662	0.000000	0.955515
7	0.960905	0.002098	0.000719	0.036279
8	0.496124	0.099201	0.227988	0.176686
9	0.236038	0.239813	0.277769	0.246380
10	0.296587	0.209124	0.279162	0.215126


TF	237_TAG_YAVNA
TF Name	237_TAG_YAVNA
Motif	M48_chu
Pos	A	C	G	T
1	0.233405	0.246899	0.233072	0.286625
2	0.211584	0.270012	0.154163	0.364241
3	0.226586	0.299144	0.301537	0.172733
4	0.127555	0.358431	0.060986	0.453028
5	0.006779	0.002468	0.000000	0.990753
6	0.997482	0.000000	0.002518	0.000000
7	1.000000	0.000000	0.000000	0.000000
8	0.000000	0.000000	0.000000	1.000000
9	0.124862	0.007769	0.483891	0.383478
10	0.301914	0.229839	0.230266	0.237981


TF	238_TAC_QRISV
TF Name	238_TAC_QRISV
Motif	M49_chu
Pos	A	C	G	T
1	0.162909	0.445190	0.164333	0.227568
2	0.206854	0.143179	0.496744	0.153223
3	0.010463	0.382693	0.000000	0.606844
4	0.987463	0.002333	0.008790	0.001414
5	0.000000	0.000881	0.000000	0.999119
6	0.009253	0.031011	0.002308	0.957428
7	0.931761	0.000690	0.002254	0.065295
8	0.514650	0.108389	0.242235	0.134726
9	0.228752	0.243952	0.260561	0.266735
10	0.286111	0.212069	0.268911	0.232909


TF	239_TAA_RTVRA
TF Name	239_TAA_RTVRA
Motif	M50_chu
Pos	A	C	G	T
1	0.250203	0.272200	0.252360	0.225238
2	0.134145	0.590492	0.129867	0.145496
3	0.000264	0.002617	0.034910	0.962209
4	0.582078	0.259719	0.005368	0.152835
5	0.821992	0.132888	0.028118	0.017002
6	0.003608	0.000000	0.000000	0.996392
7	0.000000	0.084671	0.000528	0.914801
8	0.908896	0.000613	0.012186	0.078305
9	0.419402	0.154062	0.239444	0.187092
10	0.251607	0.230518	0.271817	0.246058


TF	23_GTT_GTRAY
TF Name	23_GTT_GTRAY
Motif	M51_chu
Pos	A	C	G	T
1	0.223740	0.328410	0.222197	0.225653
2	0.007597	0.009632	0.026969	0.955802
3	0.943027	0.001875	0.004032	0.051066
4	0.000000	1.000000	0.000000	0.000000
5	0.000000	0.002643	0.000000	0.997357
6	0.000000	0.101614	0.000000	0.898386
7	0.724032	0.073015	0.169998	0.032954
8	0.404842	0.139574	0.330202	0.125382
9	0.291677	0.235583	0.322709	0.150032
10	0.315958	0.219791	0.245558	0.218693


TF	240_GTT_SSRGF
TF Name	240_GTT_SSRGF
Motif	M52_chu
Pos	A	C	G	T
1	0.211243	0.326697	0.209348	0.252711
2	0.027356	0.018433	0.117968	0.836244
3	0.885192	0.000000	0.004321	0.110487
4	0.000000	1.000000	0.000000	0.000000
5	0.000000	0.000000	0.000000	1.000000
6	0.000681	0.096190	0.000000	0.903130
7	0.756836	0.055263	0.141165	0.046736
8	0.416846	0.143583	0.307529	0.132042
9	0.310959	0.222492	0.314985	0.151563
10	0.294615	0.224911	0.258218	0.222255


TF	241_GTT_GLRAF
TF Name	241_GTT_GLRAF
Motif	M53_chu
Pos	A	C	G	T
1	0.218106	0.343881	0.214436	0.223576
2	0.028240	0.014577	0.075302	0.881881
3	0.833770	0.000000	0.028231	0.137998
4	0.000000	1.000000	0.000000	0.000000
5	0.000000	0.000000	0.000000	1.000000
6	0.007334	0.140400	0.000000	0.852266
7	0.641337	0.109726	0.169664	0.079273
8	0.394663	0.164001	0.316151	0.125185
9	0.321285	0.216090	0.307496	0.155129
10	0.291673	0.225974	0.252934	0.229420


TF	242_GTC_LQRGA
TF Name	242_GTC_LQRGA
Motif	M54_chu
Pos	A	C	G	T
1	0.218610	0.311666	0.215986	0.253737
2	0.047880	0.040651	0.098763	0.812705
3	0.930822	0.055408	0.002944	0.010825
4	0.013895	0.944021	0.042084	0.000000
5	0.000000	0.000000	0.000000	1.000000
6	0.025007	0.123464	0.000000	0.851529
7	0.797585	0.042264	0.087090	0.073061
8	0.443401	0.126733	0.306141	0.123725
9	0.272854	0.239273	0.289020	0.198853
10	0.281884	0.223189	0.269055	0.225872


TF	243_GGT_ATKSM
TF Name	243_GGT_ATKSM
Motif	M55_chu
Pos	A	C	G	T
1	0.169804	0.467881	0.163374	0.198941
2	0.118351	0.037765	0.234094	0.609790
3	0.491351	0.309688	0.126925	0.072036
4	0.000000	1.000000	0.000000	0.000000
5	0.000000	0.000000	0.000000	1.000000
6	0.000000	0.070683	0.000000	0.929317
7	0.917969	0.009606	0.005950	0.066475
8	0.530610	0.090617	0.262942	0.115831
9	0.262011	0.202725	0.337069	0.198195
10	0.292067	0.223015	0.267640	0.217278


TF	244_GGT_KMKSV
TF Name	244_GGT_KMKSV
Motif	M56_chu
Pos	A	C	G	T
1	0.183022	0.416294	0.184987	0.215697
2	0.088099	0.010681	0.244560	0.656661
3	0.555004	0.362973	0.061829	0.020194
4	0.000674	0.999326	0.000000	0.000000
5	0.000000	0.000000	0.000000	1.000000
6	0.001326	0.057229	0.000000	0.941445
7	0.832560	0.024064	0.000000	0.143376
8	0.468913	0.095719	0.288220	0.147147
9	0.253948	0.234354	0.293854	0.217844
10	0.281554	0.231576	0.269017	0.217852


TF	245_GCT_RAVKW
TF Name	245_GCT_RAVKW
Motif	M57_chu
Pos	A	C	G	T
1	0.219133	0.271064	0.243575	0.266228
2	0.188178	0.317930	0.296304	0.197588
3	0.109896	0.328059	0.084080	0.477965
4	0.047608	0.010333	0.016852	0.925206
5	0.964025	0.000000	0.035975	0.000000
6	0.996403	0.000873	0.001874	0.000850
7	0.002606	0.000000	0.993557	0.003837
8	0.474000	0.518913	0.000771	0.006317
9	0.208302	0.454921	0.148502	0.188275


TF	246_GCT_ISVKY
TF Name	246_GCT_ISVKY
Motif	M58_chu
Pos	A	C	G	T
1	0.242312	0.253625	0.226001	0.278061
2	0.172168	0.331202	0.290309	0.206321
3	0.122808	0.330836	0.085463	0.460893
4	0.059273	0.001671	0.013006	0.926050
5	0.960920	0.000000	0.035479	0.003602
6	0.997171	0.000000	0.000000	0.002829
7	0.000000	0.001454	0.995940	0.002606
8	0.359849	0.633121	0.003515	0.003515
9	0.219170	0.374964	0.183504	0.222361


TF	247_GCG_RTDRS
TF Name	247_GCG_RTDRS
Motif	M59_chu
Pos	A	C	G	T
1	0.184719	0.393768	0.195760	0.225753
2	0.110658	0.079935	0.296379	0.513028
3	0.184471	0.000599	0.396106	0.418824
4	0.000000	0.886761	0.096442	0.016796
5	0.000000	0.000000	0.000000	1.000000
6	0.000000	0.000000	0.000000	1.000000
7	0.983406	0.000000	0.000994	0.015599
8	0.594181	0.040968	0.255974	0.108877
9	0.230920	0.251120	0.336293	0.181667
10	0.290119	0.225694	0.269910	0.214277


TF	249_GCA_QLKQS
TF Name	249_GCA_QLKQS
Motif	M60_chu
Pos	A	C	G	T
1	0.224928	0.263330	0.235633	0.276109
2	0.182631	0.282304	0.220464	0.314600
3	0.153434	0.305911	0.185517	0.355138
4	0.207232	0.124699	0.113602	0.554467
5	0.833035	0.000000	0.163467	0.003498
6	1.000000	0.000000	0.000000	0.000000
7	0.000000	0.000000	1.000000	0.000000
8	0.014586	0.096869	0.016168	0.872376
9	0.963861	0.000908	0.034322	0.000908
10	0.213012	0.225748	0.330571	0.230669


TF	24_GTG_HLIQY
TF Name	24_GTG_HLIQY
Motif	M61_chu
Pos	A	C	G	T
1	0.215814	0.356173	0.219310	0.208704
2	0.003462	0.844062	0.002129	0.150347
3	0.949128	0.017375	0.000000	0.033498
4	0.000000	0.998658	0.001342	0.000000
5	0.000000	0.001342	0.000000	0.998658
6	0.000000	0.033685	0.000000	0.966315
7	0.814563	0.065466	0.055838	0.064134
8	0.421830	0.125602	0.323679	0.128889
9	0.266601	0.234381	0.332397	0.166621
10	0.291560	0.221092	0.280041	0.207306


TF	250_GAT_AGKTF
TF Name	250_GAT_AGKTF
Motif	M62_chu
Pos	A	C	G	T
1	0.222686	0.263702	0.218428	0.295185
2	0.176557	0.339299	0.222676	0.261468
3	0.096675	0.290911	0.117060	0.495353
4	0.042321	0.005987	0.015418	0.936275
5	0.933557	0.000000	0.066443	0.000000
6	1.000000	0.000000	0.000000	0.000000
7	0.000000	0.000000	1.000000	0.000000
8	0.936422	0.000650	0.017643	0.045285
9	0.178349	0.406897	0.161704	0.253050
10	0.257466	0.223879	0.294133	0.224522


TF	251_CTT_VGYSR
TF Name	251_CTT_VGYSR
Motif	M63_chu
Pos	A	C	G	T
1	0.228949	0.299342	0.229148	0.242561
2	0.248398	0.226351	0.277898	0.247353
3	0.015707	0.234626	0.000000	0.749667
4	0.000000	0.000000	1.000000	0.000000
5	0.000000	0.000000	0.000000	1.000000
6	0.000000	0.080307	0.000000	0.919693
7	0.948145	0.000000	0.000000	0.051855
8	0.483648	0.152047	0.227683	0.136622
9	0.216253	0.291782	0.317344	0.174621
10	0.263999	0.190976	0.279885	0.265140


TF	252_CTC_LRYSK
TF Name	252_CTC_LRYSK
Motif	M64_chu
Pos	A	C	G	T
1	0.168155	0.323337	0.203677	0.304831
2	0.086432	0.077089	0.273108	0.563371
3	0.689247	0.144793	0.139253	0.026707
4	0.000000	0.000000	1.000000	0.000000
5	0.000000	0.000000	0.000000	1.000000
6	0.026166	0.060819	0.001205	0.911810
7	0.951492	0.002563	0.000000	0.045945
8	0.487505	0.120684	0.232831	0.158980
9	0.242949	0.278788	0.256560	0.221702
10	0.278342	0.234398	0.257296	0.229963


TF	253_CGT_VANSR
TF Name	253_CGT_VANSR
Motif	M65_chu
Pos	A	C	G	T
1	0.223272	0.323184	0.222351	0.231193
2	0.263537	0.217540	0.262441	0.256481
3	0.004733	0.111104	0.000000	0.884163
4	0.000000	0.000000	1.000000	0.000000
5	0.000856	0.000000	0.000000	0.999144
6	0.002344	0.074384	0.000000	0.923272
7	0.882165	0.001582	0.000000	0.116253
8	0.478236	0.161519	0.195657	0.164588
9	0.260545	0.274249	0.287887	0.177319


TF	255_CCT_RADGK
TF Name	255_CCT_RADGK
Motif	M66_chu
Pos	A	C	G	T
1	0.244540	0.227139	0.297480	0.230842
2	0.170631	0.428844	0.170616	0.229910
3	0.304997	0.048424	0.162620	0.483959
4	0.083334	0.198034	0.714049	0.004583
5	0.000000	0.001614	0.998386	0.000000
6	0.000000	0.000000	0.000000	1.000000
7	0.002738	0.017140	0.000000	0.980121
8	0.966132	0.000000	0.001614	0.032255
9	0.541241	0.093846	0.204767	0.160146
10	0.279626	0.246505	0.274369	0.199500


TF	256_CCA_RLYQK
TF Name	256_CCA_RLYQK
Motif	M67_chu
Pos	A	C	G	T
1	0.240570	0.240243	0.288324	0.230863
2	0.204702	0.365632	0.229246	0.200420
3	0.001032	0.046045	0.022899	0.930024
4	0.408178	0.111683	0.413419	0.066720
5	0.000596	0.000000	0.999404	0.000000
6	0.000000	0.000000	0.000000	1.000000
7	0.002124	0.031259	0.001239	0.965379
8	0.966241	0.000000	0.000000	0.033759
9	0.470730	0.122343	0.257051	0.149875
10	0.259990	0.242903	0.271353	0.225753


TF	257_CAT_KLCSR
TF Name	257_CAT_KLCSR
Motif	M68_chu
Pos	A	C	G	T
1	0.150489	0.540609	0.148870	0.160032
2	0.287966	0.093910	0.394312	0.223813
3	0.015401	0.221330	0.000000	0.763269
4	0.000000	0.000000	1.000000	0.000000
5	0.000000	0.000000	0.000000	1.000000
6	0.015163	0.141869	0.000000	0.842968
7	0.874122	0.013665	0.003137	0.109076
8	0.540352	0.120410	0.214228	0.125010
9	0.250075	0.247786	0.280108	0.222031
10	0.267323	0.218621	0.275760	0.238296


TF	258_ATT_RTVQQ
TF Name	258_ATT_RTVQQ
Motif	M69_chu
Pos	A	C	G	T
1	0.192339	0.356063	0.216306	0.235292
2	0.003247	0.204747	0.003247	0.788760
3	0.547350	0.446197	0.000000	0.006452
4	1.000000	0.000000	0.000000	0.000000
5	0.000000	0.000000	0.000000	1.000000
6	0.000000	0.025146	0.000000	0.974854
7	0.958038	0.000000	0.000000	0.041962
8	0.429117	0.112416	0.281307	0.177160
9	0.220781	0.261722	0.289327	0.228171
10	0.275701	0.225946	0.273598	0.224755


TF	259_ATA_KMYAW
TF Name	259_ATA_KMYAW
Motif	M70_chu
Pos	A	C	G	T
1	0.138250	0.512498	0.146162	0.203090
2	0.165774	0.058379	0.093733	0.682114
3	0.270257	0.333828	0.010829	0.385086
4	0.020877	0.161754	0.195701	0.621668
5	0.000000	0.000000	0.000000	1.000000
6	0.000000	0.003530	0.000000	0.996470
7	1.000000	0.000000	0.000000	0.000000
8	0.584246	0.087079	0.265592	0.063083
9	0.268315	0.166620	0.265313	0.299753
10	0.366629	0.165476	0.287439	0.180456


TF	25_GTA_YTRQV
TF Name	25_GTA_YTRQV
Motif	M71_chu
Pos	A	C	G	T
1	0.228348	0.341812	0.216064	0.213777
2	0.002850	0.002850	0.002850	0.991451
3	0.973926	0.022603	0.003471	0.000000
4	0.124169	0.875831	0.000000	0.000000
5	0.000000	0.000000	0.000000	1.000000
6	0.025945	0.121862	0.000000	0.852193
7	0.823423	0.018479	0.113131	0.044968
8	0.387278	0.141507	0.340731	0.130484
9	0.290313	0.240794	0.305885	0.163008
10	0.299009	0.228507	0.249551	0.222933


TF	260_ATA_KAYNA
TF Name	260_ATA_KAYNA
Motif	M72_chu
Pos	A	C	G	T
1	0.128401	0.410688	0.152168	0.308743
2	0.144155	0.041696	0.157926	0.656223
3	0.226526	0.490397	0.003232	0.279844
4	0.168471	0.009993	0.806466	0.015070
5	0.000000	0.000000	0.000000	1.000000
6	0.000655	0.002860	0.000000	0.996484
7	0.990034	0.000000	0.000000	0.009966
8	0.440604	0.068358	0.319440	0.171597
9	0.223349	0.242106	0.299492	0.235053
10	0.284798	0.217702	0.278723	0.218777


TF	261_AGG_KSKEA
TF Name	261_AGG_KSKEA
Motif	M73_chu
Pos	A	C	G	T
1	0.249651	0.256055	0.247157	0.247137
2	0.176129	0.370815	0.162134	0.290922
3	0.000000	0.975325	0.000000	0.024675
4	0.355117	0.644883	0.000000	0.000000
5	0.000000	1.000000	0.000000	0.000000
6	0.000000	0.000000	0.000000	1.000000
7	0.016954	0.128389	0.000000	0.854657
8	0.831212	0.031489	0.026440	0.110859
9	0.452521	0.132013	0.278070	0.137396


TF	262_AGA_QFRAW
TF Name	262_AGA_QFRAW
Motif	M74_chu
Pos	A	C	G	T
1	0.253194	0.233468	0.286678	0.226660
2	0.186851	0.443501	0.199041	0.170607
3	0.000000	0.001436	0.001006	0.997558
4	0.374077	0.419198	0.006946	0.199779
5	0.000000	0.907896	0.000000	0.092104
6	0.000000	0.000000	0.000000	1.000000
7	0.000541	0.152895	0.000000	0.846564
8	0.856478	0.038405	0.012754	0.092364
9	0.443788	0.111036	0.280130	0.165047
10	0.295423	0.224390	0.279293	0.200894


TF	263_AGA_VRFAA
TF Name	263_AGA_VRFAA
Motif	M75_chu
Pos	A	C	G	T
1	0.251409	0.239331	0.277390	0.231870
2	0.213079	0.388681	0.224955	0.173285
3	0.000000	0.000000	0.000000	1.000000
4	0.767200	0.214701	0.018099	0.000000
5	0.012330	0.895175	0.063333	0.029162
6	0.000000	0.000000	0.000000	1.000000
7	0.029763	0.183855	0.000000	0.786382
8	0.749766	0.058358	0.048398	0.143478
9	0.410292	0.152309	0.263206	0.174193
10	0.311131	0.225587	0.252307	0.210975


TF	264_ACT_KVYHV
TF Name	264_ACT_KVYHV
Motif	M76_chu
Pos	A	C	G	T
1	0.184127	0.395414	0.212746	0.207713
2	0.202031	0.060743	0.297659	0.439566
3	0.000000	0.000000	1.000000	0.000000
4	0.000000	0.007066	0.008800	0.984134
5	0.000000	0.000000	0.000000	1.000000
6	0.026446	0.006693	0.000000	0.966861
7	0.976010	0.000000	0.000000	0.023990
8	0.484388	0.062576	0.283964	0.169072
9	0.209527	0.273379	0.242754	0.274340
10	0.296693	0.219248	0.274263	0.209796


TF	265_ACG_WYSKY
TF Name	265_ACG_WYSKY
Motif	M77_chu
Pos	A	C	G	T
1	0.247311	0.246796	0.259170	0.246724
2	0.001040	0.003226	0.553794	0.441940
3	0.001166	0.997842	0.000992	0.000000
4	0.000000	0.000000	0.000000	1.000000
5	0.000000	0.066947	0.000000	0.933053
6	0.876226	0.011218	0.005060	0.107497
7	0.367294	0.138862	0.327877	0.165967


TF	266_ACC_KACHS
TF Name	266_ACC_KACHS
Motif	M78_chu
Pos	A	C	G	T
1	0.222282	0.313256	0.227594	0.236867
2	0.183014	0.244955	0.378241	0.193790
3	0.041960	0.012728	0.082923	0.862388
4	0.249541	0.013018	0.737441	0.000000
5	0.004513	0.009876	0.000000	0.985610
6	0.000000	0.000000	0.000000	1.000000
7	0.459540	0.002764	0.000000	0.537695
8	0.775413	0.026068	0.099922	0.098598
9	0.347031	0.165347	0.270332	0.217289
10	0.265250	0.244010	0.267440	0.223300


TF	267_ACA_RVSHT
TF Name	267_ACA_RVSHT
Motif	M79_chu
Pos	A	C	G	T
1	0.209034	0.343645	0.235617	0.211704
2	0.127928	0.085790	0.132323	0.653960
3	0.012918	0.003466	0.973577	0.010039
4	0.000000	0.033608	0.001373	0.965018
5	0.000000	0.000000	0.000000	1.000000
6	0.011184	0.000000	0.000000	0.988816
7	0.976460	0.000000	0.001733	0.021807
8	0.675562	0.015976	0.201398	0.107064
9	0.177949	0.283914	0.313289	0.224849
10	0.287735	0.219214	0.318432	0.174619


TF	268_AAT_KLQAF
TF Name	268_AAT_KLQAF
Motif	M80_chu
Pos	A	C	G	T
1	0.185315	0.440327	0.184067	0.190291
2	0.196558	0.095611	0.092560	0.615271
3	0.481727	0.003344	0.002609	0.512320
4	0.000000	0.599622	0.000000	0.400378
5	0.000000	0.000000	0.000000	1.000000
6	0.000000	0.054574	0.000000	0.945426
7	0.936569	0.021704	0.000423	0.041304
8	0.623304	0.056407	0.231952	0.088337
9	0.321896	0.213817	0.274719	0.189568
10	0.336502	0.198151	0.258897	0.206450


TF	269_AAT_KVTNF
TF Name	269_AAT_KVTNF
Motif	M81_chu
Pos	A	C	G	T
1	0.224847	0.316889	0.230951	0.227313
2	0.239685	0.169117	0.214824	0.376375
3	0.270494	0.020581	0.000000	0.708925
4	0.028355	0.365634	0.004223	0.601787
5	0.000000	0.000000	0.001221	0.998779
6	0.000000	0.008455	0.000000	0.991545
7	0.983618	0.000000	0.004109	0.012273
8	0.543684	0.039364	0.288674	0.128278
9	0.196639	0.277694	0.295631	0.230036
10	0.299175	0.195663	0.297007	0.208154


TF	26_GGT_ALKNM
TF Name	26_GGT_ALKNM
Motif	M82_chu
Pos	A	C	G	T
1	0.217078	0.232279	0.327656	0.222987
2	0.093341	0.677495	0.094311	0.134853
3	0.234630	0.010133	0.499779	0.255458
4	0.168912	0.822329	0.000699	0.008061
5	0.272353	0.725240	0.000602	0.001806
6	0.001202	0.001202	0.001802	0.995794
7	0.000844	0.081429	0.006186	0.911540
8	0.939552	0.011186	0.017237	0.032026
9	0.531872	0.107772	0.234227	0.126128
10	0.270318	0.206761	0.295890	0.227031


TF	270_AAG_RAQWF
TF Name	270_AAG_RAQWF
Motif	M83_chu
Pos	A	C	G	T
1	0.139912	0.572462	0.141345	0.146281
2	0.081239	0.757262	0.080203	0.081295
3	0.000000	0.000000	0.000000	1.000000
4	0.000000	0.445618	0.000000	0.554382
5	0.000000	0.000000	0.000000	1.000000
6	0.035799	0.384050	0.000000	0.580151
7	0.442956	0.263085	0.103512	0.190447
8	0.511810	0.145928	0.185694	0.156567
9	0.392578	0.184611	0.236782	0.186028
10	0.306313	0.214716	0.247387	0.231584


TF	271_AAC_KLQRF
TF Name	271_AAC_KLQRF
Motif	M84_chu
Pos	A	C	G	T
1	0.221444	0.265317	0.291906	0.221333
2	0.098921	0.622776	0.099716	0.178587
3	0.095640	0.000000	0.903050	0.001310
4	0.004897	0.001572	0.000000	0.993531
5	0.000000	0.532621	0.015884	0.451495
6	0.000000	0.000870	0.000000	0.999130
7	0.001310	0.196579	0.000608	0.801502
8	0.770479	0.108214	0.038279	0.083028
9	0.516794	0.126073	0.216838	0.140295
10	0.312081	0.228236	0.276318	0.183366


TF	272_AAC_VAQRC
TF Name	272_AAC_VAQRC
Motif	M85_chu
Pos	A	C	G	T
1	0.225180	0.270633	0.287191	0.216996
2	0.098614	0.583222	0.097195	0.220969
3	0.000000	0.000000	0.995002	0.004998
4	0.000000	0.000000	0.000000	1.000000
5	0.000000	0.006966	0.009941	0.983093
6	0.000000	0.000000	0.000000	1.000000
7	0.000794	0.256028	0.000000	0.743178
8	0.818655	0.118530	0.035820	0.026995
9	0.531340	0.117493	0.193528	0.157639
10	0.306284	0.226678	0.289100	0.177938


TF	27_GGT_LTKDQ
TF Name	27_GGT_LTKDQ
Motif	M86_chu
Pos	A	C	G	T
1	0.147733	0.430028	0.159531	0.262708
2	0.040916	0.023666	0.016680	0.918737
3	0.000000	0.999352	0.000000	0.000648
4	0.000000	1.000000	0.000000	0.000000
5	0.000000	0.000000	0.000000	1.000000
6	0.000000	0.017995	0.000000	0.982005
7	0.840242	0.016879	0.003896	0.138983
8	0.472170	0.099035	0.284591	0.144204
9	0.242916	0.223141	0.308977	0.224966
10	0.294075	0.224102	0.266902	0.214921


TF	28_GGG_RSKER
TF Name	28_GGG_RSKER
Motif	M87_chu
Pos	A	C	G	T
1	0.154474	0.441075	0.126629	0.277821
2	0.004407	0.986779	0.004407	0.004407
3	0.081311	0.918689	0.000000	0.000000
4	0.000000	1.000000	0.000000	0.000000
5	0.000000	0.000000	0.000000	1.000000
6	0.006496	0.227872	0.000000	0.765632
7	0.906109	0.041318	0.004756	0.047817
8	0.557822	0.104712	0.257079	0.080387
9	0.293229	0.203206	0.293575	0.209990
10	0.280577	0.218157	0.276607	0.224659


TF	29_GGC_TLKNQ
TF Name	29_GGC_TLKNQ
Motif	M88_chu
Pos	A	C	G	T
1	0.217609	0.240681	0.297753	0.243957
2	0.081958	0.761581	0.074163	0.082298
3	0.209933	0.000000	0.790067	0.000000
4	0.000000	0.997564	0.000748	0.001689
5	0.001689	0.998311	0.000000	0.000000
6	0.000000	0.000000	0.000000	1.000000
7	0.010405	0.084329	0.000697	0.904569
8	0.754840	0.057942	0.028402	0.158816
9	0.472457	0.127869	0.248517	0.151156


TF	2_TTT_RTVSA
TF Name	2_TTT_RTVSA
Motif	M89_chu
Pos	A	C	G	T
1	0.222182	0.328113	0.221680	0.228024
2	0.246468	0.214402	0.259958	0.279172
3	0.266628	0.396885	0.000000	0.336487
4	0.994666	0.000000	0.005334	0.000000
5	0.000000	0.000000	0.000000	1.000000
6	0.000000	0.000000	0.002213	0.997787
7	0.997833	0.000000	0.002167	0.000000
8	0.563489	0.010441	0.346686	0.079384
9	0.088116	0.333636	0.295687	0.282561
10	0.352592	0.132450	0.332729	0.182229


TF	301_AAG_RSQWH
TF Name	301_AAG_RSQWH
Motif	M90_chu
Pos	A	C	G	T
1	0.142274	0.572501	0.142194	0.143031
2	0.070747	0.783724	0.074036	0.071493
3	0.000000	0.000760	0.000000	0.999240
4	0.000000	0.407850	0.001026	0.591123
5	0.000000	0.001026	0.000760	0.998214
6	0.004775	0.353704	0.000000	0.641521
7	0.515773	0.245018	0.080219	0.158990
8	0.580970	0.127549	0.154579	0.136902
9	0.353677	0.183067	0.245149	0.218107
10	0.300589	0.219980	0.244750	0.234681


TF	302_ATA_LRWNS
TF Name	302_ATA_LRWNS
Motif	M91_chu
Pos	A	C	G	T
1	0.217484	0.289800	0.210039	0.282678
2	0.211614	0.308008	0.270653	0.209725
3	0.052703	0.284273	0.058631	0.604393
4	0.000000	0.000000	0.000000	1.000000
5	1.000000	0.000000	0.000000	0.000000
6	1.000000	0.000000	0.000000	0.000000
7	0.020356	0.006615	0.845410	0.127619
8	0.136268	0.100465	0.000000	0.763267
9	0.752395	0.158605	0.041677	0.047323
10	0.214203	0.236213	0.332836	0.216747


TF	303_CTC_VMNRK
TF Name	303_CTC_VMNRK
Motif	M92_chu
Pos	A	C	G	T
1	0.240314	0.248101	0.319597	0.191988
2	0.035286	0.306759	0.050429	0.607527
3	0.004157	0.005632	0.856703	0.133508
