TF	T226953_2.00
TF Name	Y749_MIMIV
Gene	Y749_MIMIV
Motif	M02219_2.00
Family	Homeodomain
Species	Acanthamoeba_polyphaga_mimivirus
Pos	A	C	G	T
1	0.11126526082131	0.0280244173140955	0.0557713651498335	0.804938956714761
2	0.0205954323001631	0.0205954323001631	0.000203915171288744	0.958605220228385
3	0.940634796238245	0.000195924764890282	0.000195924764890282	0.0589733542319749
4	0.88412759415834	0.000192159877017679	0.000192159877017679	0.115488086087625
5	0.0194081475787856	0.000192159877017679	0.000192159877017679	0.980207532667179
6	0.81203164029975	0.000208159866777685	0.000208159866777685	0.187552039966694
7	0.214319695528069	0.0240247383444339	0.0478116079923882	0.713843958135109
8	0.64465206185567	0.000322164948453608	0.0969716494845361	0.25805412371134


TF	T226933_2.00
TF Name	P79681_ACIBE
Gene	P79681_ACIBE
Motif	M02200_2.00
Family	Homeodomain
Species	Acipenser_baerii
Pos	A	C	G	T
1	0.157991587802313	0.0528391167192429	0.184279705573081	0.604889589905363
2	0.000188536953242836	0.113310708898944	0.000188536953242836	0.88631221719457
3	0.999474053295933	0.00017531556802244	0.00017531556802244	0.00017531556802244
4	0.999474053295933	0.00017531556802244	0.00017531556802244	0.00017531556802244
5	0.00017531556802244	0.00017531556802244	0.00017531556802244	0.999474053295933
6	0.00017531556802244	0.00017531556802244	0.00017531556802244	0.999474053295933
7	0.691967717140661	0.000192159877017679	0.307647963105304	0.000192159877017679
8	0.0542656587473002	0.162257019438445	0.594222462203024	0.189254859611231


TF	T226946_2.00
TF Name	Q7M3U4_ACRFO
Gene	Q7M3U4_ACRFO
Motif	M02212_2.00
Family	Homeodomain
Species	Acropora_formosa
Pos	A	C	G	T
1	0.347053661312273	0.154177890034063	0.249598956858759	0.249169502445031
2	0.436216945804616	0.255427284777383	0.154177890034063	0.154177890034063
3	0.0223901434921655	0.210682052924371	0.419206999254982	0.347720814978606
4	0.000228030202144214	0.000228030202144214	0.000228030202144214	0.999315920043693
5	0.908059308704221	0.0914846415416153	0.000228030202144214	0.000228030202144214
6	0.732520385974476	0.000228030202144214	0.000228030202144214	0.267023564271361
7	0.0888764833622294	0.000228030202144214	0.000228030202144214	0.910667466883607
8	0.0871184997718042	0.000228030202144214	0.0956490970268405	0.817004383649336
9	0.44505404808907	0.0960501428306126	0.275955207330168	0.182940612400273
10	0.234333370957469	0.302118976101062	0.27624090942151	0.187306754170084
11	0.22783788937251	0.22783788937251	0.22783788937251	0.316486342532595


TF	T203988_2.00
TF Name	AAEL012091
Gene	AAEL012091
Motif	M02034_2.00
Family	Homeodomain
Species	Aedes_aegypti
Pos	A	C	G	T
1	0.235075110900075	0.254653827566867	0.307940038517233	0.202331023015825
2	0.235798144447398	0.288004503987375	0.176439160801257	0.29975819076397
3	0.214661911935674	0.14533832317854	0.127620917523533	0.512378847362253
4	0.500193240936151	0.106165001938319	0.137688585158691	0.255953171966839
5	0.899733799436634	0.0117294050605385	0.0884200665947153	0.000116728908112511
6	0.10908295311688	0.0661621555229701	0.116992359651841	0.707762531708308
7	0.20507665577475	0.647671640084924	0.0710499989689376	0.0762017051713885
8	0.0972769219003388	0.496489222247545	0.157206743394512	0.249027112457604
9	0.256553883332544	0.251473776075105	0.298073086753116	0.193899253839234


TF	T237972_2.00
TF Name	D2GWY1_AILME
Gene	D2GWY1_AILME
Motif	M02236_2.00
Family	Homeodomain,POU
Species	Ailuropoda_melanoleuca
Pos	A	C	G	T
1	0.191740938595516	0.349374768984011	0.207710479121574	0.251173813298899
2	0.226395582450257	0.181686710698745	0.233290354401732	0.358627352449266
3	0.329541127095393	0.275255886906045	0.165289943143365	0.229913042855198
4	0.712174809088715	0.0907695067090196	0.0805053305325961	0.116550353669669
5	0.0895542891232745	0.016360093135774	0.0612427223647833	0.832842895376168
6	0.00109512182184417	0.0865624058881259	0.0489532425694819	0.863389229720548
7	0.763216106639636	0.014261180915002	0.0788495198817031	0.143673192563659
8	0.309285765261033	0.182047138499711	0.211508599294305	0.297158496944952
9	0.252481827922354	0.279035573557653	0.233070102523851	0.235412495996142


TF	T204305_2.00
TF Name	AGAP006642
Gene	AGAP006642
Motif	M02035_2.00
Family	Homeodomain
Species	Anopheles_gambiae
Pos	A	C	G	T
1	0.224510603588907	0.224510603588907	0.387642740619902	0.163336052202284
2	0.24657721796276	0.273959474260679	0.109665936473165	0.369797371303395
3	0.000106337728626117	0.000106337728626117	0.000106337728626117	0.999680986814122
4	0.999680986814122	0.000106337728626117	0.000106337728626117	0.000106337728626117
5	0.999680986814122	0.000106337728626117	0.000106337728626117	0.000106337728626117
6	0.000106337728626117	0.000106337728626117	0.000106337728626117	0.999680986814122
7	0.000107480653482373	0.999677558039553	0.000107480653482373	0.000107480653482373
8	0.000144843568945539	0.695393974507532	0.000144843568945539	0.304316338354577


TF	T204320_2.00
TF Name	AGAP009986
Gene	AGAP009986
Motif	M02036_2.00
Family	Homeodomain
Species	Anopheles_gambiae
Pos	A	C	G	T
1	0.261770744391642	0.225308167698319	0.232169822940316	0.280751264969724
2	0.223855551315188	0.240086910201874	0.181453783275497	0.35460375520744
3	0.30271071956729	0.096812646243958	0.28224560414716	0.318231030041593
4	0.801923129549513	0.0507551329813424	0.112957625765795	0.0343641117033497
5	0.000105322154747156	0.981683066061378	5.0755693234583e-05	0.01816085609064
6	0.641521895670393	0.118373314853964	0.136161722557173	0.103943066918469
7	0.27344587011789	0.233015199845717	0.156194759498135	0.337344170538258
8	0.179067886864963	0.227639899017707	0.436053520833154	0.157238693284176
9	0.300476430173677	0.243561460592781	0.271882317263604	0.184079791969938
10	0.249335943130219	0.249335943130219	0.244398760664754	0.256929353074808


TF	T238773_2.00
TF Name	GB53100
Gene	GB53100
Motif	M02242_2.00
Family	Homeodomain,POU
Species	Apis_mellifera
Pos	A	C	G	T
1	0.233118844238823	0.233118844238823	0.3006434681319	0.233118844238823
2	0.162702797252513	0.296329638870517	0.162702797252513	0.378264767472828
3	0.539224357187823	0.194255596375401	0.0931724823639071	0.173347564921239
4	5.73636129764914e-05	5.73636129764914e-05	5.73636129764914e-05	0.999827910009444
5	0.590960134784046	5.73636129764914e-05	0.110616361322234	0.298366141129114
6	0.759553448498584	0.110616361322234	5.73636129764914e-05	0.129772827414575
7	0.34391239146674	5.73636129764914e-05	0.0675819875060531	0.588448258262602
8	0.12726095089313	0.0675819875060531	5.73636129764914e-05	0.805099698836213
9	0.883082224364705	0.0169385195862457	0.0830407373111725	0.0169385195862457
10	0.260644767880819	0.180469685323487	0.281552799334981	0.277332748309084


TF	T204498_2.00
TF Name	ANL2
Gene	AT4G00730
Motif	M02046_2.00
Family	Homeodomain
Species	Arabidopsis_thaliana
Pos	A	C	G	T
1	0.188392011561063	0.188392011561063	0.30319529877692	0.320020682129752
2	0.0846906596143579	0.745928025185724	0.0846906596143579	0.0846906596143579
3	0.943419828554282	0.0188600584915052	0.0188600584915052	0.0188600584915052
4	0.0781395556186494	9.04569983440761e-05	9.04569983440761e-05	0.92167953441346
5	9.04569983440761e-05	9.04569983440761e-05	9.04569983440761e-05	0.999728633033769
6	0.738921677906723	9.04569983440761e-05	9.04569983440761e-05	0.260897412125387
7	0.999728633033769	9.04569983440761e-05	9.04569983440761e-05	9.04569983440761e-05
8	0.0754945801310223	9.04569983440761e-05	9.04569983440761e-05	0.924324509901088
9	0.0616984464444807	0.0616984464444807	0.207634848857344	0.668968262282494
10	0.503800608855241	0.165399798391186	0.165399798391186	0.165399798391186
11	0.231230399514039	0.231230399514039	0.231230399514039	0.306308805486683


TF	T204498_2.00
TF Name	ANL2
Gene	AT4G00730
Motif	M06919_2.00
Family	Homeodomain
Species	Arabidopsis_thaliana
Pos	A	C	G	T
1	0.202341	0.005017	0.558528	0.234114
2	0.063545	0.85786	0.001672	0.076923
3	1.0	0.0	0.0	0.0
4	0.0	0.001672	0.0	0.998328
5	0.0	0.001672	0.0	0.998328
6	0.79097	0.0	0.003344	0.205686
7	1.0	0.0	0.0	0.0
8	0.32107	0.001672	0.0	0.677258
9	0.013378	0.0	0.070234	0.916388
10	0.56689	0.013378	0.381271	0.038462
11	0.182274	0.474916	0.058528	0.284281


TF	T204498_2.00
TF Name	ANL2
Gene	AT4G00730
Motif	M06920_2.00
Family	Homeodomain
Species	Arabidopsis_thaliana
Pos	A	C	G	T
1	0.217484	0.046908	0.535181	0.200426
2	0.0	0.978678	0.0	0.021322
3	0.997868	0.0	0.0	0.002132
4	0.0	0.0	0.0	1.0
5	0.0	0.0	0.0	1.0
6	0.791045	0.0	0.004264	0.204691
7	0.993603	0.0	0.006397	0.0
8	0.334755	0.002132	0.0	0.663113
9	0.03838	0.0	0.098081	0.863539
10	0.441365	0.004264	0.513859	0.040512
11	0.149254	0.513859	0.081023	0.255864


TF	T204512_2.00
TF Name	ATH1
Gene	AT4G32980
Motif	M10627_2.00
Family	Homeodomain
Species	Arabidopsis_thaliana
Pos	A	C	G	T


TF	T204497_2.00
TF Name	ATHB-12
Gene	AT3G61890
Motif	M00865_2.00
Family	Homeodomain
Species	Arabidopsis_thaliana
Pos	A	C	G	T
1	0.256337255733948	0.220631520670708	0.261515611797672	0.261515611797672
2	0.252174873410964	0.270459614836808	0.23748935204195	0.239876159710277
3	0.223001287552838	0.272374387681106	0.171945496411402	0.332678828354654
4	0.247043661120951	0.298737447804699	0.273025469761199	0.181193421313152
5	0.325403178823615	0.250902637068487	0.220316459220595	0.203377724887303
6	0.231735050080345	0.283041829320959	0.193561384277895	0.291661736320802
7	0.262551042371094	0.249746276938827	0.200426081971998	0.287276598718082
8	0.289936613220214	0.314084583542691	0.23036438180842	0.165614421428676


TF	T204497_2.00
TF Name	ATHB-12
Gene	AT3G61890
Motif	M02045_2.00
Family	Homeodomain
Species	Arabidopsis_thaliana
Pos	A	C	G	T
1	0.100235038478223	0.176974930810019	0.467355891979098	0.255434264786545
2	0.326096900119292	0.190592770390077	0.075731166880554	0.407579013267512
3	0.621066321188174	0.0440147347035726	0.021376379438488	0.313542478231441
4	0.403930447076215	0.0917749085690246	0.0315465108236241	0.472747976567368
5	0.326021305238701	0.161856438909798	0.0100888456511927	0.502033486637626
6	0.502033486637626	0.0100888456511927	0.161856438909798	0.326021305238701
7	0.472747976567368	0.0315465108236241	0.0917749085690246	0.403930447076215
8	0.313542478231441	0.021376379438488	0.0440147347035726	0.621066321188174
9	0.407579013267512	0.075731166880554	0.190592770390077	0.326096900119292
10	0.255434264786545	0.467355891979098	0.176974930810019	0.100235038478223


TF	T204462_2.00
TF Name	ATHB-13
Gene	AT1G69780
Motif	M06900_2.00
Family	Homeodomain
Species	Arabidopsis_thaliana
Pos	A	C	G	T
1	0.228333	0.245	0.116667	0.41
2	0.15	0.491667	0.0	0.358333
3	1.0	0.0	0.0	0.0
4	0.998333	0.0	0.0	0.001667
5	0.0	0.0	0.0	1.0
6	0.806667	0.181667	0.001667	0.01
7	1.0	0.0	0.0	0.0
8	0.0	0.003333	0.0	0.996667
9	0.105	0.003333	0.08	0.811667
10	0.335	0.116667	0.311667	0.236667
11	0.448333	0.103333	0.181667	0.266667


TF	T204462_2.00
TF Name	ATHB-13
Gene	AT1G69780
Motif	M06901_2.00
Family	Homeodomain
Species	Arabidopsis_thaliana
Pos	A	C	G	T
1	0.215412	0.248687	0.143608	0.392294
2	0.119089	0.54641	0.010508	0.323993
3	1.0	0.0	0.0	0.0
4	1.0	0.0	0.0	0.0
5	0.0	0.0	0.0	1.0
6	0.900175	0.012259	0.087566	0.0
7	1.0	0.0	0.0	0.0
8	0.0	0.0	0.0	1.0
9	0.031524	0.0	0.075306	0.89317
10	0.250438	0.098074	0.563923	0.087566
11	0.607706	0.099825	0.112084	0.180385


TF	T204459_2.00
TF Name	ATHB-15
Gene	AT1G52150
Motif	M00864_2.00
Family	Homeodomain
Species	Arabidopsis_thaliana
Pos	A	C	G	T
1	0.992596758076864	0.00280197492258281	0.000818996472888974	0.00378227052766388
2	0.991609507576262	0.00309358121539288	0.000950591733815502	0.00434631947452946
3	0.0158899890886843	0.00590434956693685	0.0477361653322375	0.930469496012141
4	0.987483679063482	0.00267824028853729	0.00305005605788283	0.00678802459009758
5	0.97648595313121	0.00924386756838932	0.00445470288495924	0.00981547641544172
6	0.00604774695654578	0.0200792270107871	0.00155221943304204	0.972320806599625
7	0.0267934936759791	0.00760008236680476	0.00442893471755773	0.961177489239658
8	0.990815081470411	0.00255621569332339	0.0019709741640795	0.00465772867218587
9	0.00229201935430187	0.991712495384659	0.00261021669575104	0.00338526856528821
10	0.00193825342314191	0.00521629442763638	0.00868664917984001	0.984158802969382


TF	T204459_2.00
TF Name	ATHB-15
Gene	AT1G52150
Motif	M06899_2.00
Family	Homeodomain
Species	Arabidopsis_thaliana
Pos	A	C	G	T
1	0.449153	0.072881	0.267797	0.210169
2	0.615254	0.052542	0.142373	0.189831
3	0.454237	0.059322	0.101695	0.384746
4	0.359322	0.10678	0.222034	0.311864
5	0.337288	0.077966	0.557627	0.027119
6	0.022034	0.164407	0.0	0.813559
7	0.877966	0.001695	0.115254	0.005085
8	1.0	0.0	0.0	0.0
9	0.0	0.0	0.0	1.0
10	0.045763	0.138983	0.783051	0.032203
11	1.0	0.0	0.0	0.0
12	0.0	0.0	0.0	1.0
13	0.016949	0.0	0.369492	0.613559
14	0.837288	0.001695	0.147458	0.013559
15	0.164407	0.420339	0.10678	0.308475


TF	T204518_2.00
TF Name	ATHB-16
Gene	AT4G40060
Motif	M02050_2.00
Family	Homeodomain
Species	Arabidopsis_thaliana
Pos	A	C	G	T
1	0.0719373219373219	0.214387464387464	0.000712250712250712	0.712962962962963
2	0.998502994011976	0.000499001996007984	0.000499001996007984	0.000499001996007984
3	0.998638838475499	0.000453720508166969	0.000453720508166969	0.000453720508166969
4	0.000453720508166969	0.000453720508166969	0.000453720508166969	0.998638838475499
5	0.54491833030853	0.318058076225045	0.136569872958258	0.000453720508166969
6	0.998638838475499	0.000453720508166969	0.000453720508166969	0.000453720508166969
7	0.000475285171102662	0.000475285171102662	0.000475285171102662	0.998574144486692
8	0.0671542553191489	0.000664893617021277	0.0671542553191489	0.865026595744681


TF	T204487_2.00
TF Name	ATHB-20
Gene	AT3G01220
Motif	M06912_2.00
Family	Homeodomain
Species	Arabidopsis_thaliana
Pos	A	C	G	T
1	0.252174	0.256522	0.1	0.391304
2	0.130435	0.5	0.008696	0.36087
3	1.0	0.0	0.0	0.0
4	1.0	0.0	0.0	0.0
5	0.0	0.0	0.0	1.0
6	0.947826	0.0	0.03913	0.013043
7	1.0	0.0	0.0	0.0
8	0.0	0.0	0.0	1.0
9	0.0	0.004348	0.0	0.995652
10	0.308696	0.082609	0.478261	0.130435
11	0.569565	0.117391	0.134783	0.178261


TF	T204487_2.00
TF Name	ATHB-20
Gene	AT3G01220
Motif	M06913_2.00
Family	Homeodomain
Species	Arabidopsis_thaliana
Pos	A	C	G	T
1	0.162752	0.270134	0.098993	0.468121
2	0.065436	0.58557	0.0	0.348993
3	0.993289	0.0	0.001678	0.005034
4	1.0	0.0	0.0	0.0
5	0.0	0.0	0.0	1.0
6	0.704698	0.295302	0.0	0.0
7	1.0	0.0	0.0	0.0
8	0.0	0.0	0.0	1.0
9	0.045302	0.0	0.033557	0.921141
10	0.291946	0.072148	0.533557	0.102349
11	0.619128	0.098993	0.144295	0.137584


TF	T204473_2.00
TF Name	ATHB-21
Gene	AT2G18550
Motif	M06907_2.00
Family	Homeodomain
Species	Arabidopsis_thaliana
Pos	A	C	G	T
1	0.313233	0.159129	0.293132	0.234506
2	0.21608	0.435511	0.207705	0.140704
3	0.629816	0.073702	0.120603	0.175879
4	0.254606	0.474037	0.075377	0.19598
5	0.00335	0.946399	0.0	0.050251
6	1.0	0.0	0.0	0.0
7	1.0	0.0	0.0	0.0
8	0.0	0.0	0.0	1.0
9	0.479062	0.045226	0.043551	0.432161
10	1.0	0.0	0.0	0.0
11	0.0	0.0	0.0	1.0
12	0.125628	0.008375	0.083752	0.782245
13	0.21943	0.026801	0.534338	0.21943
14	0.309883	0.157454	0.333333	0.19933


TF	T204473_2.00
TF Name	ATHB-21
Gene	AT2G18550
Motif	M06908_2.00
Family	Homeodomain
Species	Arabidopsis_thaliana
Pos	A	C	G	T
1	0.423333	0.063333	0.081667	0.431667
2	0.425	0.093333	0.131667	0.35
3	0.37	0.1	0.186667	0.343333
4	0.278333	0.116667	0.276667	0.328333
5	0.295	0.183333	0.241667	0.28
6	0.298333	0.145	0.206667	0.35
7	0.236667	0.295	0.138333	0.33
8	0.24	0.5	0.033333	0.226667
9	0.821667	0.051667	0.006667	0.12
10	0.998333	0.0	0.001667	0.0
11	0.0	0.0	0.001667	0.998333
12	0.468333	0.015	0.046667	0.47
13	1.0	0.0	0.0	0.0
14	0.0	0.0	0.0	1.0
15	0.0	0.0	0.001667	0.998333
16	0.058333	0.0	0.926667	0.015
17	0.23	0.048333	0.523333	0.198333
18	0.155	0.095	0.061667	0.688333
19	0.19	0.165	0.343333	0.301667
20	0.271667	0.205	0.143333	0.38


TF	T204484_2.00
TF Name	ATHB-22
Gene	AT2G36610
Motif	M02041_2.00
Family	Homeodomain
Species	Arabidopsis_thaliana
Pos	A	C	G	T
1	0.22752374001594	0.22752374001594	0.22752374001594	0.31742877779619
2	0.362783367924736	0.181163928526511	0.181163928526511	0.274888772866251
3	0.699079464037694	0.100306844602105	0.100306844602105	0.100306844602105
4	0.154895330799034	0.0509673932096566	0.0509673932096566	0.743169880625662
5	0.827333784644731	0.0233964745665046	0.0233964745665046	0.12587326406627
6	0.896926755117569	0.000198817742224924	0.10267560724199	0.000198817742224924
7	0.000198817742224924	0.000198817742224924	0.000198817742224924	0.999403544617334
8	0.504211359311641	0.000198817742224924	0.000198817742224924	0.495391003047918
9	0.22467315337787	0.125151866687053	0.0226750771872876	0.627499900591799
10	0.592491849995869	0.069034888676716	0.069034888676716	0.269438370494709
11	0.345159389398006	0.149891972601122	0.149891972601122	0.355056663243759
12	0.292022051290689	0.199231423993572	0.199231423993572	0.309515098566178
13	0.226802342636723	0.226802342636723	0.226802342636723	0.319592969933841


TF	T204485_2.00
TF Name	ATHB-4
Gene	AT2G44910
Motif	M01065_2.00
Family	Homeodomain
Species	Arabidopsis_thaliana
Pos	A	C	G	T
1	0.312029934291048	0.201105695864894	0.201105695864894	0.285758678417771
2	0.104890496003645	0.422771377813014	0.196922029852398	0.275416100769548
3	0.340415849890803	0.514887754548362	0.0723481999997197	0.0723481999997197
4	0.000102264462444808	0.000102264462444808	0.000102264462444808	0.999693211051271
5	0.000102264462444808	0.000102264462444808	0.999693211051271	0.000102264462444808
6	0.000102264462444808	0.897554085743614	0.000102264462444808	0.102241389770101
7	0.999693211051271	0.000102264462444808	0.000102264462444808	0.000102264462444808
8	0.000102264462444808	0.000102264462444808	0.0921337983111969	0.907661677202519
9	0.230337781625116	0.141028103555955	0.57963754955033	0.0489965697072029
10	0.145211769568451	0.247350894876107	0.145211769568451	0.462225570425596
11	0.466737807721476	0.177754065572376	0.177754065572376	0.177754065572376


TF	T204485_2.00
TF Name	ATHB-4
Gene	AT2G44910
Motif	M02042_2.00
Family	Homeodomain
Species	Arabidopsis_thaliana
Pos	A	C	G	T
1	0.233167897316136	0.287654119194963	0.179784476991984	0.299393506496917
2	0.380806610198004	0.204852797776748	0.196820404686035	0.217520187339213
3	0.530440658233971	0.112584954974954	0.125676116299806	0.231298270491269
4	0.113155511428789	0.0781603964495755	0.0596660439215654	0.74901804820007
5	0.140991416013402	0.140991416013402	0.589160716021041	0.128856451952156
6	0.773447458828639	0.0708707461769316	0.0434172896871253	0.112264505307304
7	0.066968746123195	0.0481454209888252	0.0931513914553554	0.791734441432625
8	0.126427769035465	0.0302552931568658	0.0707867013783982	0.772530236429271
9	0.3700657449383	0.0325794160449734	0.484772970281186	0.11258186873554
10	0.212852050547882	0.270587988392197	0.347441854531321	0.169118106528599


TF	T204539_2.00
TF Name	ATHB-5
Gene	AT5G65310
Motif	M02684_2.00
Family	Homeodomain
Species	Arabidopsis_thaliana
Pos	A	C	G	T
1	0.125	0.875	0.0	0.0
2	1.0	0.0	0.0	0.0
3	1.0	0.0	0.0	0.0
4	0.0	0.0	0.0	1.0
5	0.564102564102944	0.179487179486982	0.20512820512798	0.0512820512820949
6	1.0	0.0	0.0	0.0
7	0.0	0.0	0.0	1.0
8	0.025641025641	0.0	0.153846153846	0.820512820513
9	0.0769230769230923	0.10256410256399	0.820512820512918	0.0
10	0.194444444444078	0.277777777778111	0.472222222222189	0.0555555555556222
11	0.388888888889156	0.222222222222089	0.333333333333133	0.0555555555556222
12	0.117647058823882	0.4999999999995	0.264705882352735	0.117647058823882
13	0.3	0.4	0.3	0.0


TF	T204539_2.00
TF Name	ATHB-5
Gene	AT5G65310
Motif	M06932_2.00
Family	Homeodomain
Species	Arabidopsis_thaliana
Pos	A	C	G	T
1	0.24207	0.263773	0.146912	0.347245
2	0.06177	0.614357	0.0	0.323873
3	1.0	0.0	0.0	0.0
4	1.0	0.0	0.0	0.0
5	0.0	0.0	0.0	1.0
6	0.612688	0.36394	0.005008	0.018364
7	1.0	0.0	0.0	0.0
8	0.0	0.0	0.0	1.0
9	0.073456	0.010017	0.088481	0.828047
10	0.295492	0.153589	0.368948	0.18197
11	0.482471	0.085142	0.188648	0.24374


TF	T204539_2.00
TF Name	ATHB-5
Gene	AT5G65310
Motif	M06933_2.00
Family	Homeodomain
Species	Arabidopsis_thaliana
Pos	A	C	G	T
1	0.203333	0.265	0.183333	0.348333
2	0.0	0.675	0.008333	0.316667
3	0.996667	0.003333	0.0	0.0
4	1.0	0.0	0.0	0.0
5	0.0	0.0	0.001667	0.998333
6	0.421667	0.52	0.013333	0.045
7	1.0	0.0	0.0	0.0
8	0.008333	0.0	0.0	0.991667
9	0.056667	0.005	0.115	0.823333
10	0.216667	0.13	0.431667	0.221667


TF	T204539_2.00
TF Name	ATHB-5
Gene	AT5G65310
Motif	M10630_2.00
Family	Homeodomain
Species	Arabidopsis_thaliana
Pos	A	C	G	T
1	0.166666666666667	0.833333333333333	0.0	0.0
2	0.973684210526316	0.0263157894736842	0.0	0.0
3	0.974358974358974	0.0256410256410256	0.0	0.0
4	0.0512820512820513	0.0	0.0	0.948717948717949
5	0.564102564102564	0.205128205128205	0.179487179487179	0.0512820512820513
6	0.974358974358974	0.0	0.0	0.0256410256410256
7	0.0512820512820513	0.0	0.0	0.948717948717949
8	0.0512820512820513	0.0	0.153846153846154	0.794871794871795
9	0.0769230769230769	0.102564102564103	0.794871794871795	0.0256410256410256


TF	T204520_2.00
TF Name	ATHB-51
Gene	AT5G03790
Motif	M00867_2.00
Family	Homeodomain
Species	Arabidopsis_thaliana
Pos	A	C	G	T
1	0.826367354659675	0.060766546432367	0.0713102028290845	0.0415558960788733
2	0.000901451430067021	0.00033832472683561	0.000263487562203116	0.998496736280894
3	0.36547062860321	0.067436466442529	0.0883393737187507	0.47875353123551
4	0.99990441441848	3.04295741552611e-05	3.87837002964607e-06	6.1277637335087e-05
5	0.0514889502222131	0.000353938265144962	0.0309188869687867	0.917238224543855
6	0.0470017582303256	0.0018407719298076	0.230484821489539	0.720672648350328
7	0.188599223665476	0.167272505821291	0.459263561689026	0.184864708824208
8	0.27629416061471	0.247513740466356	0.273544987782921	0.202647111136012


TF	T204520_2.00
TF Name	ATHB-51
Gene	AT5G03790
Motif	M06927_2.00
Family	Homeodomain
Species	Arabidopsis_thaliana
Pos	A	C	G	T
1	0.545	0.061667	0.161667	0.231667
2	0.276667	0.3	0.163333	0.26
3	0.11	0.768333	0.001667	0.12
4	1.0	0.0	0.0	0.0
5	0.996667	0.001667	0.0	0.001667
6	0.0	0.003333	0.0	0.996667
7	0.97	0.0	0.003333	0.026667
8	0.998333	0.0	0.0	0.001667
9	0.003333	0.0	0.001667	0.995
10	0.058333	0.008333	0.116667	0.816667
11	0.121667	0.12	0.673333	0.085
12	0.718333	0.078333	0.046667	0.156667
13	0.373333	0.083333	0.313333	0.23


TF	T204520_2.00
TF Name	ATHB-51
Gene	AT5G03790
Motif	M06928_2.00
Family	Homeodomain
Species	Arabidopsis_thaliana
Pos	A	C	G	T
1	0.408027	0.195652	0.150502	0.245819
2	0.563545	0.060201	0.162207	0.214047
3	0.252508	0.352843	0.16388	0.230769
4	0.053512	0.861204	0.0	0.085284
5	1.0	0.0	0.0	0.0
6	1.0	0.0	0.0	0.0
7	0.0	0.0	0.0	1.0
8	0.989967	0.0	0.0	0.010033
9	1.0	0.0	0.0	0.0
10	0.0	0.0	0.0	1.0
11	0.056856	0.0	0.105351	0.837793
12	0.041806	0.110368	0.822742	0.025084
13	0.730769	0.095318	0.020067	0.153846


TF	T204540_2.00
TF Name	ATHB-53
Gene	AT5G66700
Motif	M06934_2.00
Family	Homeodomain
Species	Arabidopsis_thaliana
Pos	A	C	G	T
1	0.27212	0.410684	0.110184	0.207012
2	0.180301	0.676127	0.0	0.143573
3	1.0	0.0	0.0	0.0
4	1.0	0.0	0.0	0.0
5	0.0	0.0	0.0	1.0
6	0.9399	0.0	0.023372	0.036728
7	1.0	0.0	0.0	0.0
8	0.0	0.0	0.0	1.0
9	0.056761	0.0	0.056761	0.886477
10	0.217028	0.048414	0.634391	0.100167
11	0.402337	0.095159	0.24374	0.258765


TF	T204540_2.00
TF Name	ATHB-53
Gene	AT5G66700
Motif	M06935_2.00
Family	Homeodomain
Species	Arabidopsis_thaliana
Pos	A	C	G	T
1	0.277027	0.189189	0.3125	0.221284
2	0.282095	0.329392	0.22973	0.158784
3	0.538851	0.103041	0.130068	0.228041
4	0.27027	0.356419	0.121622	0.251689
5	0.011824	0.913851	0.0	0.074324
6	1.0	0.0	0.0	0.0
7	1.0	0.0	0.0	0.0
8	0.0	0.0	0.0	1.0
9	0.498311	0.084459	0.060811	0.356419
10	1.0	0.0	0.0	0.0
11	0.0	0.0	0.0	1.0
12	0.091216	0.015203	0.141892	0.751689
13	0.197635	0.074324	0.456081	0.271959
14	0.319257	0.123311	0.356419	0.201014
15	0.277027	0.27027	0.228041	0.224662


TF	T204474_2.00
TF Name	ATHB-6
Gene	AT2G22430
Motif	M02040_2.00
Family	Homeodomain
Species	Arabidopsis_thaliana
Pos	A	C	G	T
1	0.388974625481118	0.266004735546436	0.111443096080761	0.233577542891685
2	0.697649608984819	0.130023731545729	0.0658722318194125	0.10645442765004
3	0.0317917141092431	0.0384441174942031	0.00530794998328979	0.924456218413264
4	0.205546758578231	0.128467190359748	0.309721511476532	0.35626453958549
5	0.971965212869963	0.00113805426116466	0.00641937021436651	0.0204773626545054
6	0.0419679435698924	0.000563778451724981	0.0713006952507887	0.886167582727594
7	0.0921667965214011	0.0732296168741848	0.089442856026121	0.745160730578293
8	0.242581235300547	0.084888331472729	0.523918765735452	0.148611667491273
9	0.283931772418671	0.286785334171499	0.251824891596548	0.177458001813282


TF	T204474_2.00
TF Name	ATHB-6
Gene	AT2G22430
Motif	M06909_2.00
Family	Homeodomain
Species	Arabidopsis_thaliana
Pos	A	C	G	T
1	0.318333	0.201667	0.251667	0.228333
2	0.321667	0.145	0.133333	0.4
3	0.286667	0.183333	0.253333	0.276667
4	0.508333	0.248333	0.056667	0.186667
5	0.975	0.01	0.0	0.015
6	0.0	0.0	0.0	1.0
7	0.075	0.108333	0.515	0.301667
8	1.0	0.0	0.0	0.0
9	0.0	0.0	0.0	1.0
10	0.0	0.0	0.031667	0.968333
11	0.401667	0.0	0.578333	0.02


TF	T204474_2.00
TF Name	ATHB-6
Gene	AT2G22430
Motif	M06910_2.00
Family	Homeodomain
Species	Arabidopsis_thaliana
Pos	A	C	G	T
1	0.220104	0.240901	0.188908	0.350087
2	0.036395	0.755633	0.0	0.207972
3	1.0	0.0	0.0	0.0
4	1.0	0.0	0.0	0.0
5	0.0	0.0	0.0	1.0
6	0.752166	0.242634	0.0	0.005199
7	1.0	0.0	0.0	0.0
8	0.0	0.0	0.0	1.0
9	0.053726	0.0	0.053726	0.892548
10	0.240901	0.102253	0.59792	0.058925
11	0.506066	0.12825	0.140381	0.225303


TF	T204486_2.00
TF Name	ATHB-7
Gene	AT2G46680
Motif	M02043_2.00
Family	Homeodomain
Species	Arabidopsis_thaliana
Pos	A	C	G	T
1	0.223421728442267	0.329734817444806	0.223421728442267	0.223421728442267
2	0.52769653954993	0.19048076909351	0.0984415603276227	0.183381133800543
3	0.708616572867422	6.47813203529188e-05	6.47813203529188e-05	0.291253867263476
4	6.47813203529188e-05	6.47813203529188e-05	6.47813203529188e-05	0.999805658810545
5	6.47813203529188e-05	6.47813203529188e-05	0.999805658810545	6.47813203529188e-05
6	0.999805658810545	6.47813203529188e-05	6.47813203529188e-05	6.47813203529188e-05
7	6.47813203529188e-05	6.47813203529188e-05	6.47813203529188e-05	0.999805658810545
8	6.47813203529188e-05	6.47813203529188e-05	6.47813203529188e-05	0.999805658810545
9	0.118413146121114	0.0266430535709875	0.82830074950852	0.0266430535709875
10	0.358362386581059	0.151623221685631	0.338391172819284	0.151623221685631


TF	T204486_2.00
TF Name	ATHB-7
Gene	AT2G46680
Motif	M06911_2.00
Family	Homeodomain
Species	Arabidopsis_thaliana
Pos	A	C	G	T
1	0.48	0.155	0.151667	0.213333
2	0.451667	0.163333	0.095	0.29
3	0.081667	0.301667	0.076667	0.54
4	0.015	0.918333	0.005	0.061667
5	0.996667	0.003333	0.0	0.0
6	1.0	0.0	0.0	0.0
7	0.0	0.0	0.0	1.0
8	0.22	0.773333	0.003333	0.003333
9	0.996667	0.001667	0.001667	0.0
10	0.061667	0.0	0.005	0.933333
11	0.09	0.018333	0.103333	0.788333
12	0.11	0.153333	0.648333	0.088333
13	0.636667	0.113333	0.096667	0.153333


TF	T204456_2.00
TF Name	ATHB-9
Gene	AT1G30490
Motif	M02682_2.00
Family	Homeodomain
Species	Arabidopsis_thaliana
Pos	A	C	G	T
1	0.444444444444444	0.222222222222222	0.111111111111111	0.222222222222222
2	0.357142857142643	0.214285714285786	0.214285714285786	0.214285714285786
3	0.3125	0.25	0.125	0.3125
4	0.166666666667	0.444444444444	0.111111111111	0.277777777778
5	0.0	0.0384615384615192	0.961538461538481	0.0
6	0.0	0.230769230769	0.0	0.769230769231
7	0.961538461538481	0.0	0.0384615384615192	0.0
8	1.0	0.0	0.0	0.0
9	0.0	0.0	0.0	1.0
10	0.0	0.0	1.0	0.0
11	1.0	0.0	0.0	0.0
12	0.0	0.0	0.0	1.0
13	0.0	0.0	0.115384615385	0.884615384615
14	0.653846153846	0.0	0.346153846154	0.0
15	0.0	0.961538461538481	0.0384615384615192	0.0
16	0.294117647059059	0.0588235294118118	0.235294117647047	0.411764705882082
17	0.166666666667	0.5	0.0	0.333333333333
18	0.0	0.3	0.4	0.3
19	0.0	0.625	0.375	0.0


TF	T204456_2.00
TF Name	ATHB-9
Gene	AT1G30490
Motif	M06898_2.00
Family	Homeodomain
Species	Arabidopsis_thaliana
Pos	A	C	G	T
1	0.451505	0.075251	0.255853	0.217391
2	0.625418	0.065217	0.118729	0.190635
3	0.478261	0.073579	0.091973	0.356187
4	0.41806	0.075251	0.217391	0.289298
5	0.35786	0.098662	0.508361	0.035117
6	0.041806	0.12709	0.001672	0.829431
7	0.897993	0.026756	0.075251	0.0
8	1.0	0.0	0.0	0.0
9	0.0	0.0	0.0	1.0
10	0.090301	0.093645	0.76087	0.055184
11	1.0	0.0	0.0	0.0
12	0.0	0.0	0.0	1.0
13	0.006689	0.0	0.326087	0.667224
14	0.854515	0.006689	0.138796	0.0
15	0.225753	0.356187	0.110368	0.307692


TF	T204456_2.00
TF Name	ATHB-9
Gene	AT1G30490
Motif	M10623_2.00
Family	Homeodomain
Species	Arabidopsis_thaliana
Pos	A	C	G	T
1	0.444444444444444	0.222222222222222	0.111111111111111	0.222222222222222
2	0.357142857142857	0.214285714285714	0.214285714285714	0.214285714285714
3	0.3125	0.25	0.125	0.3125
4	0.166666666666667	0.444444444444444	0.111111111111111	0.277777777777778
5	0.0	0.0384615384615385	0.961538461538462	0.0
6	0.0	0.230769230769231	0.0	0.769230769230769
7	0.961538461538462	0.0	0.0384615384615385	0.0
8	1.0	0.0	0.0	0.0
9	0.0	0.0	0.0	1.0
10	0.0	0.0	1.0	0.0
11	1.0	0.0	0.0	0.0
12	0.0	0.0	0.0	1.0
13	0.0	0.0	0.115384615384615	0.884615384615385
14	0.653846153846154	0.0	0.346153846153846	0.0
15	0.0	0.961538461538462	0.0384615384615385	0.0
16	0.294117647058824	0.0588235294117647	0.235294117647059	0.411764705882353
17	0.166666666666667	0.5	0.0	0.333333333333333
18	0.0	0.3	0.4	0.3
19	0.0	0.625	0.375	0.0


TF	T204464_2.00
TF Name	ATHB-X
Gene	AT1G70920
Motif	M06902_2.00
Family	Homeodomain
Species	Arabidopsis_thaliana
Pos	A	C	G	T
1	0.322689	0.363025	0.122689	0.191597
2	0.213445	0.393277	0.02521	0.368067
3	0.919328	0.021849	0.013445	0.045378
4	1.0	0.0	0.0	0.0
5	0.0	0.0	0.0	1.0
6	0.398319	0.008403	0.517647	0.07563
7	1.0	0.0	0.0	0.0
8	0.0	0.0	0.0	1.0
9	0.0	0.0	0.018487	0.981513
10	0.373109	0.0	0.626891	0.0
11	0.329412	0.176471	0.321008	0.173109


TF	T204464_2.00
TF Name	ATHB-X
Gene	AT1G70920
Motif	M06903_2.00
Family	Homeodomain
Species	Arabidopsis_thaliana
Pos	A	C	G	T
1	0.260135	0.3125	0.201014	0.226351
2	0.111486	0.564189	0.013514	0.310811
3	0.964527	0.010135	0.006757	0.018581
4	1.0	0.0	0.0	0.0
5	0.0	0.0	0.0	1.0
6	0.163851	0.0	0.771959	0.064189
7	1.0	0.0	0.0	0.0
8	0.0	0.0	0.0	1.0
9	0.001689	0.0	0.011824	0.986486
10	0.337838	0.0	0.662162	0.0
11	0.295608	0.138514	0.440878	0.125


TF	T204507_2.00
TF Name	ATML1
Gene	AT4G21750
Motif	M02048_2.00
Family	Homeodomain
Species	Arabidopsis_thaliana
Pos	A	C	G	T
1	0.321237334629992	0.276491536248563	0.189081891626365	0.213189237495079
2	0.320578058279817	0.165691197249149	0.223659721933245	0.29007102253779
3	0.139589049517019	0.146745933126604	0.106559418040122	0.607105599316255
4	0.317293235455116	0.194382210752059	0.141150455169491	0.347174098623334
5	0.632031408768327	0.128887391702925	0.148255789675418	0.0908254098533302
6	0.431608821736706	0.201848955553468	0.120003351673397	0.246538871036429
7	0.0743933110886284	0.168910000716838	0.136915785572738	0.619780902621796
8	0.297107954278008	0.113760522078111	0.475371001565771	0.113760522078111
9	0.178926598857583	0.386439630066868	0.180724841071598	0.253908930003951
10	0.217812866420263	0.260769345581744	0.296971532242958	0.224446255755035


TF	T204507_2.00
TF Name	ATML1
Gene	AT4G21750
Motif	M10626_2.00
Family	Homeodomain
Species	Arabidopsis_thaliana
Pos	A	C	G	T


TF	T204505_2.00
TF Name	HAT1
Gene	AT4G17460
Motif	M02047_2.00
Family	Homeodomain
Species	Arabidopsis_thaliana
Pos	A	C	G	T
1	0.181016443157339	0.288754526974293	0.181016443157339	0.349212587061461
2	0.51229222489035	0.285570771895521	0.10106850178228	0.10106850178228
3	0.902116110851913	0.000130529752651601	0.000130529752651601	0.0976228299932147
4	0.000130529752651601	0.000130529752651601	0.000130529752651601	0.999608411092477
5	0.000130529752651601	0.000130529752651601	0.999608411092477	0.000130529752651601
6	0.999608411092477	0.000130529752651601	0.000130529752651601	0.000130529752651601
7	0.000130529752651601	0.000130529752651601	0.000130529752651601	0.999608411092477
8	0.000130529752651601	0.000130529752651601	0.000130529752651601	0.999608411092477
9	0.35575030817384	0.0691140866829206	0.506021518810751	0.0691140866829206
10	0.14906202805798	0.32797938051518	0.373896563719293	0.14906202805798


TF	T204505_2.00
TF Name	HAT1
Gene	AT4G17460
Motif	M06922_2.00
Family	Homeodomain
Species	Arabidopsis_thaliana
Pos	A	C	G	T
1	0.178899	0.357798	0.201835	0.261468
2	0.238532	0.284404	0.087156	0.389908
3	0.83945	0.004587	0.0	0.155963
4	1.0	0.0	0.0	0.0
5	0.0	0.0	0.0	1.0
6	0.0	0.06422	0.876147	0.059633
7	1.0	0.0	0.0	0.0
8	0.0	0.0	0.0	1.0
9	0.0	0.0	0.0	1.0
10	0.481651	0.0	0.518349	0.0
11	0.256881	0.183486	0.366972	0.192661
12	0.266055	0.142202	0.12844	0.463303
13	0.412844	0.105505	0.073394	0.408257
14	0.518349	0.110092	0.151376	0.220183
15	0.40367	0.050459	0.100917	0.444954


TF	T204505_2.00
TF Name	HAT1
Gene	AT4G17460
Motif	M06923_2.00
Family	Homeodomain
Species	Arabidopsis_thaliana
Pos	A	C	G	T
1	0.161538	0.307692	0.2	0.330769
2	0.007692	0.484615	0.0	0.507692
3	0.992308	0.007692	0.0	0.0
4	1.0	0.0	0.0	0.0
5	0.0	0.0	0.0	1.0
6	0.0	0.992308	0.0	0.007692
7	1.0	0.0	0.0	0.0
8	0.0	0.0	0.0	1.0
9	0.084615	0.0	0.007692	0.907692
10	0.330769	0.076923	0.415385	0.176923
11	0.223077	0.207692	0.384615	0.184615


TF	T204534_2.00
TF Name	HAT2
Gene	AT5G47370
Motif	M06929_2.00
Family	Homeodomain
Species	Arabidopsis_thaliana
Pos	A	C	G	T
1	0.241667	0.225	0.201667	0.331667
2	0.395	0.235	0.063333	0.306667
3	0.76	0.038333	0.025	0.176667
4	0.98	0.0	0.006667	0.013333
5	0.0	0.0	0.001667	0.998333
6	0.168333	0.063333	0.75	0.018333
7	1.0	0.0	0.0	0.0
8	0.0	0.0	0.001667	0.998333
9	0.0	0.0	0.031667	0.968333
10	0.513333	0.0	0.453333	0.033333
11	0.326667	0.178333	0.25	0.245


TF	T204534_2.00
TF Name	HAT2
Gene	AT5G47370
Motif	M06930_2.00
Family	Homeodomain
Species	Arabidopsis_thaliana
Pos	A	C	G	T
1	0.501672	0.038462	0.071906	0.38796
2	0.183946	0.311037	0.187291	0.317726
3	0.0	0.416388	0.0	0.583612
4	1.0	0.0	0.0	0.0
5	1.0	0.0	0.0	0.0
6	0.0	0.0	0.0	1.0
7	0.0	0.904682	0.0	0.095318
8	1.0	0.0	0.0	0.0
9	0.188963	0.020067	0.0	0.79097
10	0.190635	0.070234	0.060201	0.67893
11	0.382943	0.086957	0.219064	0.311037


TF	T204517_2.00
TF Name	HAT22
Gene	AT4G37790
Motif	M06926_2.00
Family	Homeodomain
Species	Arabidopsis_thaliana
Pos	A	C	G	T
1	0.401515	0.272727	0.159091	0.166667
2	0.204545	0.356061	0.128788	0.310606
3	0.030303	0.439394	0.0	0.530303
4	0.992424	0.007576	0.0	0.0
5	1.0	0.0	0.0	0.0
6	0.0	0.015152	0.0	0.984848
7	0.0	0.962121	0.037879	0.0
8	0.992424	0.007576	0.0	0.0
9	0.007576	0.015152	0.007576	0.969697
10	0.128788	0.075758	0.106061	0.689394


TF	T204495_2.00
TF Name	HAT3
Gene	AT3G60390
Motif	M00728_2.00
Family	Homeodomain
Species	Arabidopsis_thaliana
Pos	A	C	G	T
1	0.397218560025559	0.120842332466016	0.156724056711163	0.325215050797262
2	0.0912764025112822	0.0582004038243767	0.0349490851846367	0.815574108479704
3	0.0774726738318672	0.0562567075055746	0.757425572234207	0.108845046428352
4	0.89192603914545	8.74562347480718e-05	0.0617678630500238	0.0462186415697786
5	0.0541016548528508	0.0282435404348131	0.0628571551947166	0.854797649517619
6	0.0722798885634469	0.0129428812202878	0.0687547568017639	0.846022473414501
7	0.371107560517437	0.0272892251616988	0.542664866732353	0.0589383475885114
8	0.18340948898654	0.33755258233055	0.354859273308199	0.124178655374711


TF	T204494_2.00
TF Name	HAT3.1
Gene	AT3G19510
Motif	M02044_2.00
Family	Homeodomain
Species	Arabidopsis_thaliana
Pos	A	C	G	T
1	0.161563147649926	0.328618030000002	0.266372598069206	0.243446224280866
2	0.0862490143043949	0.160330711255259	0.0699120922280791	0.683508182212267
3	0.458997024818082	0.0872732261930078	0.361059847883194	0.0926699011057164
4	0.440335470086099	0.367799101201877	0.018129435154045	0.173735993557979
5	0.79752980701561	0.119285432062493	0.0040209540905224	0.0791638068313738
6	0.0826314339774209	0.824180998673653	0.0137961582408714	0.0793914091080547
7	0.0777275428639789	0.634736321688538	0.129438992725015	0.158097142722468
8	0.309568527089956	0.243515228328165	0.203401016253714	0.243515228328165
9	0.263112932628828	0.276603021153083	0.189158131850281	0.271125914367808
10	0.226909321810016	0.271659779916888	0.215842823601011	0.285588074672085


TF	T204488_2.00
TF Name	HAT5
Gene	AT3G01470
Motif	M02683_2.00
Family	Homeodomain
Species	Arabidopsis_thaliana
Pos	A	C	G	T
1	0.06666666666672	0.26666666666708	0.53333333333316	0.13333333333304
2	0.0	0.75	0.0625	0.1875
3	1.0	0.0	0.0	0.0
4	1.0	0.0	0.0	0.0
5	0.0	0.0	0.0	1.0
6	0.8	0.0	0.2	0.0
7	1.0	0.0	0.0	0.0
8	0.0	0.0	0.0	1.0
9	0.0416666666666833	0.0	0.0416666666666833	0.916666666666633
10	0.130434782609	0.173913043478	0.565217391304	0.130434782609
11	0.454545454545	0.136363636364	0.227272727273	0.181818181818
12	0.526315789473789	0.157894736841937	0.263157894736895	0.0526315789473789


TF	T204488_2.00
TF Name	HAT5
Gene	AT3G01470
Motif	M06914_2.00
Family	Homeodomain
Species	Arabidopsis_thaliana
Pos	A	C	G	T
1	0.327181	0.219799	0.125839	0.327181
2	0.20302	0.530201	0.0	0.266779
3	1.0	0.0	0.0	0.0
4	1.0	0.0	0.0	0.0
5	0.0	0.0	0.005034	0.994966
6	0.971477	0.0	0.015101	0.013423
7	1.0	0.0	0.0	0.0
8	0.001678	0.0	0.0	0.998322
9	0.045302	0.0	0.075503	0.879195
10	0.258389	0.114094	0.468121	0.159396
11	0.548658	0.07047	0.105705	0.275168


TF	T204488_2.00
TF Name	HAT5
Gene	AT3G01470
Motif	M06915_2.00
Family	Homeodomain
Species	Arabidopsis_thaliana
Pos	A	C	G	T
1	0.451839	0.126095	0.108581	0.313485
2	0.281961	0.245184	0.15937	0.313485
3	0.108581	0.654991	0.0	0.236427
4	1.0	0.0	0.0	0.0
5	1.0	0.0	0.0	0.0
6	0.0	0.0	0.0	1.0
7	0.950963	0.017513	0.031524	0.0
8	1.0	0.0	0.0	0.0
9	0.0	0.0	0.0	1.0
10	0.024518	0.0	0.073555	0.901926
11	0.231173	0.120841	0.583187	0.064799
12	0.558669	0.098074	0.110333	0.232925
13	0.371278	0.112084	0.21366	0.302977
14	0.273205	0.187391	0.229422	0.309982


TF	T204488_2.00
TF Name	HAT5
Gene	AT3G01470
Motif	M10624_2.00
Family	Homeodomain
Species	Arabidopsis_thaliana
Pos	A	C	G	T
1	0.0769230769230769	0.230769230769231	0.0769230769230769	0.615384615384615
2	0.0666666666666667	0.266666666666667	0.533333333333333	0.133333333333333
3	0.0	0.75	0.0625	0.1875
4	1.0	0.0	0.0	0.0
5	1.0	0.0	0.0	0.0
6	0.0	0.0	0.0	1.0
7	0.8	0.0	0.2	0.0
8	1.0	0.0	0.0	0.0
9	0.0	0.0	0.0	1.0
10	0.0416666666666667	0.0	0.0416666666666667	0.916666666666667
11	0.130434782608696	0.173913043478261	0.565217391304348	0.130434782608696
12	0.210526315789474	0.368421052631579	0.210526315789474	0.210526315789474
13	0.526315789473684	0.157894736842105	0.263157894736842	0.0526315789473684
14	0.235294117647059	0.176470588235294	0.176470588235294	0.411764705882353


TF	T204515_2.00
TF Name	HB-5
Gene	AT4G36740
Motif	M06924_2.00
Family	Homeodomain
Species	Arabidopsis_thaliana
Pos	A	C	G	T
1	0.388333	0.155	0.196667	0.26
2	0.355	0.281667	0.158333	0.205
3	0.673333	0.041667	0.113333	0.171667
4	0.185	0.541667	0.113333	0.16
5	0.035	0.883333	0.0	0.081667
6	1.0	0.0	0.0	0.0
7	1.0	0.0	0.0	0.0
8	0.0	0.0	0.0	1.0
9	0.646667	0.03	0.041667	0.281667
10	1.0	0.0	0.0	0.0
11	0.0	0.0	0.0	1.0
12	0.093333	0.008333	0.068333	0.83
13	0.153333	0.015	0.661667	0.17
14	0.425	0.1	0.235	0.24
15	0.368333	0.173333	0.21	0.248333
16	0.285	0.241667	0.221667	0.251667
17	0.32	0.265	0.131667	0.283333
18	0.343333	0.201667	0.093333	0.361667
19	0.36	0.111667	0.116667	0.411667
20	0.435	0.106667	0.09	0.368333
21	0.368333	0.141667	0.085	0.405


TF	T204515_2.00
TF Name	HB-5
Gene	AT4G36740
Motif	M06925_2.00
Family	Homeodomain
Species	Arabidopsis_thaliana
Pos	A	C	G	T
1	0.268781	0.327212	0.115192	0.288815
2	0.298831	0.348915	0.058431	0.293823
3	0.737896	0.096828	0.015025	0.15025
4	1.0	0.0	0.0	0.0
5	0.0	0.0	0.0	1.0
6	0.368948	0.066778	0.078464	0.48581
7	1.0	0.0	0.0	0.0
8	0.0	0.0	0.0	1.0
9	0.0	0.0	0.0	1.0
10	0.106845	0.001669	0.868114	0.023372
11	0.323873	0.118531	0.328881	0.228715
12	0.222037	0.098497	0.093489	0.585977
13	0.165275	0.180301	0.338898	0.315526
14	0.24207	0.250417	0.130217	0.377295


TF	T204496_2.00
TF Name	HDG1
Gene	AT3G61150
Motif	M06917_2.00
Family	Homeodomain
Species	Arabidopsis_thaliana
Pos	A	C	G	T
1	0.196995	0.038397	0.48581	0.278798
2	0.075125	0.814691	0.006678	0.103506
3	1.0	0.0	0.0	0.0
4	0.0	0.0	0.0	1.0
5	0.0	0.001669	0.0	0.998331
6	0.789649	0.0	0.0	0.210351
7	1.0	0.0	0.0	0.0
8	0.33222	0.0	0.0	0.66778
9	0.023372	0.0	0.111853	0.864775
10	0.597663	0.0	0.36394	0.038397
11	0.15025	0.457429	0.093489	0.298831


TF	T204496_2.00
TF Name	HDG1
Gene	AT3G61150
Motif	M06918_2.00
Family	Homeodomain
Species	Arabidopsis_thaliana
Pos	A	C	G	T
