# Algorithm: BEEML	Format: PROBABILITY
# Name: cell08_Alx3_3418 Consensus: NTAATNNNNN
A:	0.25166818316	0.150611954145	0.646888747368	0.730187145759	0.0809762424686	0.157179364383	0.351258927849	0.2850576048	0.240889623559	0.257895146961
C:	0.278136357033	0.122083677284	0.134582087411	0.0809070419457	0.130863632639	0.184451692799	0.154705550752	0.217607130209	0.277089022396	0.22420326988
G:	0.186440375651	0.0656742351163	0.0967542567345	0.0444027260617	0.071819484334	0.161966188673	0.299323113685	0.311902700547	0.215797147622	0.22420326988
T:	0.283755084156	0.661630133455	0.121774908487	0.144503086233	0.716340640558	0.496402754145	0.194712407713	0.185432564443	0.266224206423	0.29369831328
