# Algorithm: BEEML	Format: PROBABILITY
# Name: cell08_Arx_1738 Consensus: NNTAATTDNN
A:	0.253725566227	0.212932733212	0.0767665040257	0.861629035751	0.983700888176	0.018555622717	0.102171805367	0.390672495879	0.296954865996	0.236752493735
C:	0.261452660098	0.317658310343	0.0252990893121	0.0433291156146	0.000522736312538	0.0199010571722	0.0906182622363	0.0907283250824	0.193171841053	0.272330190357
G:	0.283228285494	0.148558127008	0.00833754158984	0.0602694188544	0.00859621401411	0.0263316820416	0.096221782627	0.379126378706	0.373747397292	0.201747167058
T:	0.201593488181	0.320850829437	0.889596865072	0.0347724297798	0.0071801614969	0.935211638069	0.71098814977	0.139472800332	0.136125895659	0.289170148849
