# Algorithm: BEEML	Format: PROBABILITY
# Name: cell08_Bapx1_2343 Consensus: NNNYHCTYNN
A:	0.296836916335	0.298291470098	0.222459354717	0.0656438822659	0.612392476153	0.208100397354	0.0349618810393	0.0839809746642	0.490742733989	0.342104250335
C:	0.22434451523	0.220979756123	0.341977316722	0.580705886536	0.15717712873	0.72634175635	0.00626048936144	0.214989734633	0.176959346803	0.182201918818
G:	0.26327072747	0.272617876823	0.303306671094	0.0152448906762	0.0478166247846	0.0167436761355	0.00134213060478	0.0288061896109	0.140600147312	0.250915321119
T:	0.215547840965	0.208110896956	0.132256657467	0.338405340522	0.182613770332	0.0488141701598	0.957435498994	0.672223101092	0.191697771896	0.224778509728
