# Algorithm: BEEML	Format: PROBABILITY
# Name: cell08_Barhl2_3868 Consensus: NTAAWNRNNN
A:	0.243314889124	0.150007885995	0.803979086761	0.899289189556	0.342673470788	0.152201094368	0.216988963491	0.21464111149	0.177203066331	0.213102928481
C:	0.300172240373	0.0654108316309	0.0451311753589	0.0271561804646	0.0772292300943	0.300426350994	0.0634242634672	0.264798030009	0.272406746913	0.276379599504
G:	0.187608331109	0.0562996245293	0.0442375182116	0.0149036278308	0.131207234177	0.133647085546	0.583968178667	0.29264708193	0.178983986755	0.228554634245
T:	0.268904539395	0.728281657845	0.106652219669	0.058651002149	0.448890064941	0.413725469092	0.135618594374	0.227913776571	0.3714062	0.28196283777
