# Algorithm: BEEML	Format: PROBABILITY
# Name: cell08_Barhl1_2590 Consensus: NNTAAWNRNN
A:	0.23337733975	0.240612148355	0.132585384742	0.869621031042	0.938678487144	0.327947151685	0.148616852565	0.195195065144	0.205092990941	0.183523382019
C:	0.250299106201	0.312057134419	0.0502608704562	0.0232907787456	0.0143603799383	0.0739103204519	0.299277589228	0.067626464467	0.271364650616	0.27931553199
G:	0.321390414137	0.189272219607	0.0230398851506	0.0572860718639	0.0116402977441	0.13739396727	0.139962080838	0.598244415869	0.318449367501	0.189112501088
T:	0.194933139912	0.25805849762	0.794113859651	0.0498021183485	0.0353208351736	0.460748560593	0.412143477369	0.138934054519	0.205092990941	0.348048584904
