# Algorithm: BEEML	Format: PROBABILITY
# Name: cell08_Bsx_3483 Consensus: NNHVRTTANN
A:	0.33690273432	0.196872407124	0.154724585627	0.328054287367	0.651725967184	0.0316525195215	0.000375177733051	0.769727420302	0.287832173342	0.223015104385
C:	0.183056393487	0.3378344016	0.437749430195	0.324790092668	0.0890879583581	0.00127738848942	0.100448442861	0.0316911180069	0.206929380661	0.326111550354
G:	0.298805920255	0.268420784152	0.0832332301972	0.233499306003	0.19049466289	0.0186308302932	0.00164813540198	0.0811286732238	0.228692333602	0.234449333296
T:	0.181234951938	0.196872407124	0.324292753981	0.113656313962	0.068691411568	0.948439261696	0.897528244004	0.117452788468	0.276546112395	0.216424011965
