# Algorithm: BEEML	Format: PROBABILITY
# Name: cell08_Cart1_0997 Consensus: NNTAATTDNN
A:	0.225116145794	0.245868370075	0.0887449486328	0.847924274566	0.975418005993	0.0207550825837	0.0992032211129	0.372082657205	0.286738321191	0.256562147841
C:	0.253817745623	0.263695838417	0.0326474421098	0.043068476808	0.00108639633384	0.0303498374146	0.0953134071752	0.103452857555	0.204091827422	0.246502202132
G:	0.306929006773	0.155212680976	0.0109766085147	0.0623517246758	0.0122174603305	0.0303498374146	0.101207259114	0.383414261122	0.350222976372	0.201818933587
T:	0.21413710181	0.335223110531	0.867631000743	0.0466555239506	0.0112781373424	0.918545242587	0.704276112598	0.141050224119	0.158946875015	0.29511671644
