# Algorithm: BEEML	Format: PROBABILITY
# Name: cell08_Cdx1_2245 Consensus: NNYHATWWNN
A:	0.247100989412	0.239484496866	0.0964117654542	0.439113529696	0.74262845282	0.0803253079965	0.47700863821	0.591240587126	0.53143801487	0.319264757587
C:	0.219158917442	0.223293864841	0.394898291728	0.328572656303	0.0737142296707	0.0472798754777	0.151038474169	0.0875511347125	0.143392635137	0.227243179555
G:	0.307906793011	0.394843183986	0.07660238733	0.0755472274195	0.183129921802	0.0216733791327	0.039155253411	0.108009914019	0.15689653384	0.209771893652
T:	0.225833300135	0.142378454307	0.432087555488	0.156766586582	0.000527395707618	0.850721437393	0.33279763421	0.213198364143	0.168272816154	0.243720169207
