# Algorithm: BEEML	Format: PROBABILITY
# Name: cell08_Cdx2_4272 Consensus: NNWWAYDRNN
A:	0.239014979914	0.180241324867	0.228459836965	0.320973625252	0.907323516062	0.00120698895799	0.193237635059	0.406535568847	0.137217878139	0.220375925798
C:	0.207789641172	0.137592531435	0.100620943983	0.0370163221822	4.41792116396e-05	0.218793594333	0.0739893157667	0.0845777665554	0.400042188958	0.306535889065
G:	0.246294069735	0.156694280132	0.0976471456694	0.118079597889	0.0416999143384	0.0750480664127	0.315424926013	0.41062131924	0.215200470353	0.227087371912
T:	0.306901309179	0.525471863566	0.573272073383	0.523930454677	0.050932390388	0.704951350297	0.417348123162	0.0982653453576	0.247539462549	0.246000813225
