# Algorithm: BEEML	Format: PROBABILITY
# Name: cell08_Cphx_3484 Consensus: WKANNNNNNN
A:	0.242474751167	0.125275842858	0.740051851875	0.13723995915	0.232505061954	0.255641593284	0.276428298012	0.314215857168	0.230409738426	0.211470455076
C:	0.112268978526	0.0946814452293	0.046839190383	0.126688449669	0.143870270848	0.13212869864	0.233212829344	0.239865942157	0.19831549971	0.345186653862
G:	0.0947173871774	0.633030148446	0.0212577227706	0.133183905382	0.212493626853	0.413135835041	0.327651802675	0.152945277335	0.17589006961	0.207283059509
T:	0.55053888313	0.147012563467	0.191851234972	0.602887685799	0.411131040345	0.199093873035	0.162707069969	0.29297292334	0.395384692254	0.236059831552
