# Algorithm: BEEML	Format: PROBABILITY
# Name: cell08_Crx_3485 Consensus: NNWAAKHBNN
A:	0.239554757482	0.237702758275	0.201577503958	0.680628287003	0.917161204385	0.0678089493155	0.156212745734	0.114544097465	0.189668839457	0.231595161364
C:	0.246850285977	0.27342325476	0.0803324735816	0.0457419730132	0.0282553622068	0.0257052225171	0.608635053584	0.483455793032	0.297459952128	0.282870968867
G:	0.281120112103	0.192678111082	0.0554883973679	0.132028303897	0.0438723048601	0.269533902993	0.0938050631674	0.147077532477	0.285796380575	0.227009269914
T:	0.232474844438	0.296195875883	0.662601625092	0.141601436087	0.0107111285481	0.636951925174	0.141347137514	0.254922577026	0.227074827841	0.258524599855
