# Algorithm: BEEML	Format: PROBABILITY
# Name: cell08_Cutl1_3494 Consensus: NNHDHYHNNN
A:	0.201153521313	0.238107677479	0.201326957095	0.31319721661	0.628491502154	0.162743480957	0.210337933089	0.343275117223	0.254667109462	0.238272752012
C:	0.312332524572	0.26314968052	0.248372649846	0.108508995474	0.187414456087	0.276490157814	0.497062335871	0.292519759048	0.26506027136	0.265978647859
G:	0.245689465746	0.193006332209	0.0697508940617	0.353128875651	0.00402821160545	0.00398355734242	0.0945109255894	0.162151683764	0.252133129384	0.224396827165
T:	0.240824488369	0.305736309792	0.480549498997	0.225164912266	0.180065830153	0.556782803887	0.198088805451	0.202053439964	0.228139489793	0.271351772964
