# Algorithm: BEEML	Format: PROBABILITY
# Name: cell08_Dbx1_3486 Consensus: NNNNNNNNNN
A:	0.337931285451	0.301678967657	0.281000726554	0.17605395552	0.198984938634	0.169458147359	0.311680487498	0.228745867443	0.218052441233	0.260286983096
C:	0.21333049381	0.223489276037	0.246745454073	0.314439130444	0.338061941173	0.358742900773	0.172772998339	0.287899551035	0.325296017212	0.2088851968
G:	0.231098165085	0.244536218524	0.246745454073	0.278882490894	0.219912367313	0.245330425668	0.200733585689	0.265764781678	0.253340792935	0.240275168848
T:	0.217640055654	0.230295537782	0.225508365301	0.230624423142	0.24304075288	0.2264685262	0.314812928474	0.217589799845	0.203310748621	0.290552651256
