# Algorithm: BEEML	Format: PROBABILITY
# Name: cell08_Dbx2_3487 Consensus: NNNNAWNNNN
A:	0.256737701934	0.208011699155	0.149412387463	0.39771830005	0.640542996597	0.195150149246	0.316468925153	0.41576390852	0.370716196757	0.274484037278
C:	0.234640592232	0.277992552582	0.329214720574	0.256145070564	0.129323400639	0.125683803694	0.207934900842	0.149922361719	0.201428967688	0.238624958293
G:	0.280915791113	0.329505921206	0.146453823966	0.205561234133	0.105881045196	0.068976733936	0.149489335224	0.194438821577	0.218205395751	0.243445502214
T:	0.227705914721	0.184489827057	0.374919067997	0.140575395253	0.124252557569	0.610189313124	0.32610683878	0.239874908184	0.209649439804	0.243445502214
