# Algorithm: BEEML	Format: PROBABILITY
# Name: cell08_Dlx2_2273 Consensus: NNHNATTANN
A:	0.284697397415	0.207912593788	0.140469603829	0.5045785952	0.752717155889	0.0271663391283	0.0127568188976	0.743240904342	0.271082337704	0.255621470135
C:	0.230771225213	0.289199791465	0.43051885573	0.183777101057	0.101869189489	0.0261011317349	0.104174350661	0.0274130786943	0.196846178492	0.288212402773
G:	0.262808821327	0.307082907831	0.0835120658414	0.140291670476	0.0611719979055	0.000982140087878	0.0492084789059	0.0715946409516	0.226427001524	0.238339878989
T:	0.221722556045	0.195804706915	0.3454994746	0.171352633266	0.0842416567156	0.945750389049	0.833860351535	0.157751376012	0.30564448228	0.217826248102
