# Algorithm: BEEML	Format: PROBABILITY
# Name: cell08_Dlx3_1030 Consensus: NNTAATDRNN
A:	0.217749359349	0.317800456426	0.152230531693	0.845773842621	0.944371171975	0.0756796118972	0.163614493351	0.381368872143	0.192391470021	0.223376066745
C:	0.238255749293	0.21733146798	0.0670471449399	0.050413147208	0.000827388668398	0.0512394014944	0.124899949201	0.0785524908919	0.320387821009	0.264768735581
G:	0.291006229334	0.204675068575	0.0267195639089	0.096568441796	0.0271267216148	0.0952503602853	0.179022771066	0.413131967206	0.270299932251	0.227888562623
T:	0.252988662024	0.260193007018	0.754002759458	0.00724456837452	0.027674717742	0.777830626323	0.532462786381	0.126946669759	0.216920776719	0.283966635051
