# Algorithm: BEEML	Format: PROBABILITY
# Name: cell08_Dlx5_3419 Consensus: NNWRATNDNN
A:	0.211518691233	0.282474169312	0.20384217754	0.662105045522	0.810675221022	0.115868615961	0.171688311045	0.313316240745	0.208611179294	0.236238925099
C:	0.255778892271	0.243127770661	0.11299528079	0.0755975762423	0.0194503974949	0.110217636878	0.168288654709	0.104293916597	0.308114705207	0.258486556653
G:	0.29421575808	0.231270289366	0.0888852360386	0.185940033721	0.0773134166578	0.133280633049	0.216086909986	0.440192897519	0.278793714318	0.236238925099
T:	0.238486658416	0.243127770661	0.594277305631	0.0763573445147	0.092560964825	0.640633114112	0.443936124261	0.142196945139	0.204480401181	0.269035593149
