# Algorithm: BEEML	Format: PROBABILITY
# Name: cell08_Dmbx1_2277 Consensus: NNTAATCYNN
A:	0.240680371933	0.215157721866	0.16284477999	0.773024431794	0.950309875523	0.0528900490398	0.129662703292	0.0797052044452	0.160184729624	0.221313125408
C:	0.255563214954	0.296299672493	0.0426402002913	0.0308862362092	0.0141086504473	0.0244887838891	0.668433214886	0.554648668798	0.309924186964	0.292825994089
G:	0.28814672024	0.167565002273	0.0349108432959	0.0965741062987	0.0141086504473	0.15889048833	0.0748088720778	0.118906192522	0.286096083127	0.223537359296
T:	0.215609692873	0.320977603368	0.759604176423	0.099515225698	0.0214728235825	0.763730678741	0.127095209744	0.246739934235	0.243795000285	0.262323521207
