# Algorithm: BEEML	Format: PROBABILITY
# Name: cell08_Dobox4_3956 Consensus: NDDABMYNNN
A:	0.251827882592	0.453997794625	0.276620368275	0.89016962189	0.105363955978	0.396843999518	0.122204600717	0.208789733247	0.218722110039	0.22663582638
C:	0.177460109521	0.0483319262073	0.0505339837012	0.0667805607169	0.135289997478	0.504487597197	0.636316890719	0.408024688877	0.332886642843	0.28240562957
G:	0.256915143276	0.180926765769	0.469959280884	0.00131181546763	0.301093426604	0.0356426607159	0.0951730387329	0.17439584463	0.170340950574	0.1970277221
T:	0.313796864611	0.316743513399	0.202886367141	0.0417380019253	0.45825261994	0.0630257425694	0.146305469831	0.208789733247	0.278050296544	0.293930821949
