# Algorithm: BEEML	Format: PROBABILITY
# Name: cell08_Duxl_1286 Consensus: NNNYMATCAN
A:	0.425598782288	0.205468813592	0.172141839558	0.101760090255	0.662488519516	0.769987082084	0.0124355924007	0.0191685460896	0.706702928831	0.361478447317
C:	0.166250731057	0.294504494297	0.36079819506	0.438174830238	0.166667903158	0.128557173866	0.00443959304586	0.856856715218	0.0597763675912	0.181308938658
G:	0.224415013583	0.193503241399	0.210254517631	0.0675331093516	0.0756413603891	0.0619528578267	0.00017042886488	0.0158516042732	0.0609839303185	0.242306249447
T:	0.183735473072	0.306523450712	0.25680544775	0.392531970155	0.0952022169368	0.0395028862237	0.982954385689	0.108123134419	0.172536773259	0.214906364579
