# Algorithm: BEEML	Format: PROBABILITY
# Name: cell08_Emx2_3420 Consensus: NNNHNATTAN
A:	0.271182404064	0.271817487835	0.203966564694	0.163533427595	0.399740803737	0.711647131356	0.0818859127595	0.00331488487289	0.831287009396	0.265538674837
C:	0.24537598631	0.233955479911	0.295289455942	0.303996874336	0.281692583368	0.108590311035	0.0188276582212	0.0805133407173	0.00582975580506	0.189002548295
G:	0.265812632688	0.306473361738	0.275326063804	0.109619734714	0.127844712831	0.0523306471246	0.0145170957284	0.113117024049	0.0422234229623	0.362042098046
T:	0.217628976938	0.187753670515	0.22541791556	0.422849963354	0.190721900064	0.127431910484	0.884769333291	0.803054750361	0.120659811837	0.183416678822
