# Algorithm: BEEML	Format: PROBABILITY
# Name: cell08_En2_0952 Consensus: NNYHATYHNN
A:	0.271182404064	0.182249009336	0.107671165273	0.55787152699	0.737891562234	0.0850401817174	0.128454437839	0.537889137444	0.271756477521	0.225344827251
C:	0.24537598631	0.300477818257	0.432283583601	0.16802767492	0.114869520419	0.087630040819	0.253553354457	0.127440867754	0.205389127346	0.278002969304
G:	0.265812632688	0.261222865856	0.0529359036402	0.10607312317	0.0747236677392	0.00419177331895	0.0970837756368	0.122443839855	0.274487675527	0.264444604501
T:	0.217628976938	0.25605030655	0.407109347486	0.16802767492	0.0725152496079	0.823138004145	0.520908432067	0.212226154947	0.248366719606	0.232207598944
