# Algorithm: BEEML	Format: PROBABILITY
# Name: cell08_Esx1_3124 Consensus: NNHDATTANN
A:	0.304310634715	0.184250089219	0.147393723288	0.628916676465	0.911321463171	0.00565347575285	0.0845450669567	0.851960963291	0.330920386358	0.188860816091
C:	0.201955828848	0.319352023182	0.318335989576	0.0959664621741	0.0216476240219	0.00886641491356	0.0915865776699	0.00351676209901	0.153220463455	0.293245552439
G:	0.256736175825	0.195643478437	0.0958809575037	0.136182892225	0.0356908981851	0.000845582562162	0.037610554995	0.0607970159529	0.334246191533	0.268006255316
T:	0.236997360613	0.300754409161	0.438389329633	0.138933969136	0.0313400146218	0.984634526771	0.786257800378	0.0837252586575	0.181612958654	0.249887376153
