# Algorithm: BEEML	Format: PROBABILITY
# Name: cell08_Evx1_3952 Consensus: NTAATBDNNN
A:	0.222102873976	0.090455654486	0.860113781684	0.952415784599	0.0455767458991	0.113542227628	0.451558783335	0.202058694816	0.206444712527	0.231411029412
C:	0.324777609884	0.0375194597457	0.0336854059191	0.0120492412117	0.126393193086	0.19290055891	0.0893628957818	0.304465634985	0.290044001449	0.250684575479
G:	0.181842453271	0.00518028319141	0.0991927259793	0.00178425629682	0.0633958009447	0.327724991882	0.305730978497	0.281057204568	0.219210540602	0.240855092679
T:	0.271277062869	0.866844602577	0.00700808641721	0.0337507178922	0.76463426007	0.36583222158	0.153347342386	0.212418465631	0.284300745421	0.27704930243
