# Algorithm: BEEML	Format: PROBABILITY
# Name: cell08_Evx2_2645 Consensus: NNTAAYNNNN
A:	0.229569608855	0.219136755964	0.151839851345	0.725764959259	0.851614638233	0.0562235462691	0.139664444934	0.381423900916	0.211268880118	0.223545671474
C:	0.272109971091	0.340255222827	0.0769246488094	0.0473338751089	0.0482856358475	0.200203758797	0.206281702756	0.133474621344	0.29094424055	0.287038323963
G:	0.300728026568	0.214797557469	0.0266509915376	0.193877441548	0.00573813429606	0.0721924624258	0.340101031089	0.315421978767	0.296821704083	0.237368963793
T:	0.197592393486	0.225810463739	0.744584508308	0.0330237240847	0.0943615916238	0.671380232508	0.313952821221	0.169679498973	0.200965175249	0.252047040771
