# Algorithm: BEEML	Format: PROBABILITY
# Name: cell08_Gbx1_2883 Consensus: NNYNATTANN
A:	0.30484617173	0.213492705426	0.135236995508	0.499368147062	0.770447871948	0.00787318984215	0.0860193257647	0.68615718143	0.280364422534	0.213822323519
C:	0.221363754058	0.294006732125	0.431396992133	0.166225216277	0.088851994086	0.0300680545332	0.127048892057	0.0429959845566	0.203586355453	0.309557979146
G:	0.254628926309	0.285317520024	0.083682406778	0.201007775903	0.0742154238845	0.00538417070045	0.0630906126586	0.0947371987154	0.297701190198	0.269116778504
T:	0.219161147903	0.207183042426	0.349683605582	0.133398860758	0.0664847100812	0.956674584924	0.72384116952	0.176109635298	0.218348031815	0.207502918832
