# Algorithm: BEEML	Format: PROBABILITY
# Name: cell08_Gbx2_3110 Consensus: NNWNWWNNNN
A:	0.205500123313	0.224898825041	0.200443854325	0.502891975823	0.6355824547	0.154418550786	0.14908000169	0.299328387084	0.219035353642	0.235608376689
C:	0.263867381466	0.294609465816	0.11111149751	0.135690341272	0.0704245433804	0.117879955216	0.217997389065	0.126664423575	0.275677898269	0.242783719997
G:	0.303519735274	0.229442082678	0.115646043745	0.190637818033	0.117277372	0.10773416719	0.189517825479	0.396050312629	0.292724867457	0.230943018251
T:	0.227112759947	0.251049626466	0.572798604421	0.170779864872	0.17671562992	0.619967326808	0.443404783766	0.177956876712	0.212561880631	0.290664885063
