# Algorithm: BEEML	Format: PROBABILITY
# Name: cell08_Gsc_2327 Consensus: NNHHBVRSNN
A:	0.213098217797	0.267468531829	0.195529526616	0.211894707143	0.0296425326325	0.387676657768	0.182942803637	0.0217704572484	0.212889821301	0.270708253935
C:	0.296412829188	0.216805778193	0.315990262837	0.426703540207	0.181129137409	0.284340264639	0.145354204826	0.502981745721	0.327266479482	0.221637172608
G:	0.219588024706	0.192289475478	0.0827406816375	0.0607088500256	0.502306375464	0.320592753158	0.651432351095	0.365239710321	0.194566646714	0.244946957531
T:	0.270900928309	0.3234362145	0.405739528909	0.300692902625	0.286921954494	0.00739032443522	0.0202706404426	0.110008086709	0.265277052502	0.262707615926
