# Algorithm: BEEML	Format: PROBABILITY
# Name: cell08_Gsh2_3990 Consensus: NNTAATDDNN
A:	0.23561959031	0.19031795922	0.106985348272	0.717658035144	0.894725786163	0.137163594699	0.204745391608	0.450268388871	0.211655412251	0.229242189318
C:	0.255243655073	0.310659091784	0.0738984529266	0.10313029424	0.0052936992212	0.0674356854369	0.0574989803769	0.0700944644672	0.288576304605	0.288524221752
G:	0.34800560955	0.175685619167	0.103823453386	0.128508259871	0.0204200505277	0.0667646891555	0.268209184458	0.320487676477	0.277261065854	0.215892163501
T:	0.161131145067	0.323337329829	0.715292745416	0.0507034107455	0.0795604640882	0.728636030708	0.469546443557	0.159149470185	0.222507217291	0.266341425428
