# Algorithm: BEEML	Format: PROBABILITY
# Name: cell08_Hdx_3845 Consensus: NNNNNDRDND
A:	0.250490826537	0.234457978661	0.242792650124	0.319417469648	0.322243435717	0.414109437942	0.64346963281	0.209175981625	0.19388000344	0.478396656056
C:	0.243087703808	0.23681432052	0.250186787131	0.161822317782	0.277357495473	0.0482371891047	0.000598621860568	0.0266603092647	0.440204516311	0.0956255661606
G:	0.263333765846	0.261720300023	0.233272614143	0.360142191368	0.243546349506	0.325750021416	0.220715564754	0.178248013542	0.216423996141	0.204473874193
T:	0.243087703808	0.267007400796	0.273747948602	0.158618021202	0.156852719304	0.211903351537	0.135216180576	0.585915695568	0.149491484108	0.22150390359
