# Algorithm: BEEML	Format: PROBABILITY
# Name: cell08_Hlx1_2350 Consensus: NNNWTNNNNN
A:	0.208691051962	0.250282265131	0.264758146716	0.57388188446	0.046476207844	0.155844366068	0.367106030622	0.211551267343	0.242130904651	0.233483356134
C:	0.24246441032	0.21327647772	0.181057879314	0.126776234447	0.159005775011	0.210367890148	0.19164615291	0.291333123838	0.273001832664	0.26063235027
G:	0.190729260475	0.135991086273	0.151232253132	0.11021396347	0.0302331958908	0.2348290625	0.285902464119	0.285564341476	0.254545221599	0.255471483955
T:	0.358115277243	0.400450170875	0.402951720838	0.189127917623	0.764284821255	0.398958681284	0.155345352349	0.211551267343	0.230322041085	0.250412809641
