# Algorithm: BEEML	Format: PROBABILITY
# Name: cell08_Hmbox1_2674 Consensus: NNNNGWNNNN
A:	0.25598770398	0.182519789701	0.201164293365	0.367604643534	0.148988017939	0.188050472663	0.294030692483	0.422134217768	0.314975050604	0.262246305464
C:	0.245950282537	0.363892539852	0.182020979809	0.149456894841	0.0431147810535	0.0991575895728	0.155040156582	0.132333243748	0.19686012108	0.23492919229
G:	0.266434760364	0.199708460158	0.21575035041	0.339341855454	0.674428648788	0.112923477428	0.14601132075	0.21386036778	0.245302816059	0.270232894478
T:	0.231627253119	0.253879210288	0.401064376416	0.143596606171	0.13346855222	0.599868460337	0.404917830185	0.231672170704	0.242862012257	0.232591607769
