# Algorithm: BEEML	Format: PROBABILITY
# Name: cell08_Hmx1_3423 Consensus: NNNYRHTHDN
A:	0.282936684538	0.335636853329	0.228306954492	0.115206530531	0.563093196762	0.506593858139	0.0392632431225	0.159034266839	0.535821354826	0.40925807589
C:	0.2411027384	0.187922525938	0.254854046632	0.649840166719	0.0448554523837	0.267123103463	0.033125016808	0.184771456981	0.0885706742381	0.16309713596
G:	0.274574641787	0.297683184533	0.308182153352	0.0613580535835	0.299898819798	0.0854310496542	0.0113621629048	0.0365660309643	0.166301234962	0.205274056939
T:	0.201385935275	0.178757436199	0.208656845524	0.173595249166	0.0921525310556	0.140851988743	0.916249577165	0.619628245215	0.209306735974	0.222370731211
