# Algorithm: BEEML	Format: PROBABILITY
# Name: cell08_Hmx2_3424 Consensus: NNNCRNTYDN
A:	0.310925655788	0.367562329909	0.224306679146	0.139738353497	0.56074434721	0.420539514476	0.0186249008114	0.151520001659	0.556567971473	0.44451642254
C:	0.223531833279	0.171896561532	0.302782346444	0.664989845384	0.0161071793118	0.247531648167	0.018439579952	0.181402376846	0.0745738048608	0.142164807438
G:	0.257122811031	0.283409517358	0.273968796583	0.070089414045	0.336724501344	0.137213546414	0.014798109538	0.021130503085	0.157872746129	0.178928628053
T:	0.208419699902	0.177131591202	0.198942177827	0.125182387073	0.0864239721342	0.194715290944	0.948137409699	0.64594711841	0.210985477537	0.234390141968
