# Algorithm: BEEML	Format: PROBABILITY
# Name: cell08_Hmx3_3490 Consensus: NNNYRHTHDN
A:	0.271369653136	0.319142052319	0.238947636598	0.140007103416	0.517532996499	0.462171017839	0.0675588123352	0.186376767459	0.469248741248	0.373794457437
C:	0.243102198563	0.197479801602	0.253723333251	0.590927395738	0.0478979777066	0.258768797962	0.0526148559501	0.203928666034	0.115715314925	0.185620834202
G:	0.263349467826	0.285898344476	0.288947333417	0.072362858239	0.320240822945	0.102098189364	0.0401651021298	0.0497878140545	0.179672004777	0.20928690615
T:	0.222178680475	0.197479801602	0.218381696734	0.196702642606	0.11432820285	0.176961994834	0.839661229585	0.559906752453	0.23536393905	0.231297802211
