# Algorithm: BEEML	Format: PROBABILITY
# Name: cell08_Hoxa1_3425 Consensus: NNNYVATTWN
A:	0.329100599923	0.302194585951	0.172763387483	0.0767934864031	0.486252280005	0.865058425959	0.0936542004412	0.111220873532	0.650404577076	0.327399768449
C:	0.216234502579	0.194624319606	0.284838671742	0.320896879578	0.29199234433	0.0490478841807	0.00168137057696	0.177952751816	0.0854212240876	0.204625597916
G:	0.229605697462	0.337333189308	0.33762065946	0.0461141490667	0.166788673656	0.0322267563196	0.00716787531201	0.0174880549891	0.105382290012	0.265385094439
T:	0.225059200036	0.165847905134	0.204777281315	0.556195484952	0.0549667020091	0.0536669335407	0.89749655367	0.693338319662	0.158791908825	0.202589539197
