# Algorithm: BEEML	Format: PROBABILITY
# Name: cell08_Hoxa3_2783 Consensus: NTAATKRNNN
A:	0.169653902722	0.0736486686636	0.92437818262	0.991322105126	0.00944296874291	0.0852079223212	0.523703660468	0.170152789543	0.207762574813	0.219413282667
C:	0.318543962564	0.0296453732049	0.00799743828844	0.000612038256329	0.0697746257818	0.0740762089911	0.0413026222583	0.353080753922	0.29482912773	0.235322540736
G:	0.141706851193	0.00840902947667	0.0508622641577	0.000227419150066	0.036063108449	0.439261283351	0.347556065267	0.266852693235	0.199616087732	0.204579588764
T:	0.370095283521	0.888296928655	0.0167621149337	0.00783843746777	0.884719297026	0.401454585337	0.087437652007	0.2099137633	0.297792209725	0.340684587834
