# Algorithm: BEEML	Format: PROBABILITY
# Name: cell08_Hoxa7_2668 Consensus: NNHNRTWNNN
A:	0.261553781462	0.224609343688	0.177230871055	0.329470662153	0.638119403756	0.10787163118	0.288871232299	0.505163747549	0.355090399082	0.266180508218
C:	0.222881430354	0.240895358691	0.378968557115	0.360498325763	0.108692785269	0.0775514758191	0.135095377075	0.140454364655	0.221932304872	0.255743421204
G:	0.294901065117	0.348752549289	0.117619311907	0.138032244341	0.194129491636	0.00949667673455	0.0600982682014	0.129655719935	0.198814534429	0.255743421204
T:	0.220663723067	0.185742748332	0.326181259923	0.171998767744	0.0590583193382	0.805080216267	0.515935122424	0.224726167861	0.224162761617	0.222332649373
