# Algorithm: BEEML	Format: PROBABILITY
# Name: cell08_Hoxa13_3126 Consensus: NTTWAYDRNN
A:	0.241989965003	0.121151185736	0.126593922551	0.266279551386	0.805888370326	0.0721754922521	0.25432131683	0.429371536345	0.141464711814	0.233910722337
C:	0.165487598482	0.0742204140683	0.0730383396109	0.085161265654	0.02338150288	0.375816332173	0.0693106444826	0.0858260519517	0.245194138674	0.285699201425
G:	0.216782871049	0.107451462561	0.042139456189	0.0618397710506	0.0938732280769	0.0396107499887	0.371890142366	0.351539681302	0.416568244076	0.253392460498
T:	0.375739565467	0.697176937635	0.75822828165	0.586719411909	0.0768568987172	0.512397425586	0.304477896321	0.133262730402	0.196772905436	0.226997615741
