# Algorithm: BEEML	Format: PROBABILITY
# Name: cell08_Hoxa11_2218 Consensus: NNNNRHWNNN
A:	0.244055088532	0.245349683578	0.177132500051	0.277114061102	0.441903699379	0.171393194823	0.441507199413	0.551625463325	0.507614796018	0.345749667806
C:	0.2186328792	0.255362594112	0.272298268368	0.401187618467	0.11687348017	0.1582158598	0.113317580832	0.126832752296	0.148372037197	0.201485014673
G:	0.298089558276	0.341273590185	0.160276113996	0.143226772287	0.351107338227	0.112613353596	0.127765215617	0.150335476603	0.159130223763	0.213944152161
T:	0.239222473993	0.158014132125	0.390293117585	0.178471548144	0.0901154822235	0.557777591781	0.317410004139	0.171206307776	0.184882943021	0.23882116536
