# Algorithm: BEEML	Format: PROBABILITY
# Name: cell08_Hoxa9_2622 Consensus: NNNNRWHNNN
A:	0.250132012394	0.231384284921	0.19123042864	0.315350587736	0.531671217703	0.144455078748	0.400325712826	0.498871010738	0.443061652189	0.322451855668
C:	0.224076795033	0.233709735645	0.34154489468	0.352018945596	0.121028406978	0.130708360476	0.134596107507	0.154833069689	0.181945816295	0.218318245575
G:	0.299462388311	0.370213512275	0.151939001376	0.162989372104	0.26935367324	0.102818838025	0.113554000354	0.162771530927	0.185621365597	0.236501332069
T:	0.226328804263	0.16469246716	0.315285675304	0.169641094565	0.0779467020795	0.622017722751	0.351524179313	0.183524388647	0.189371165919	0.222728566688
