# Algorithm: BEEML	Format: PROBABILITY
# Name: cell08_Hoxa2_3079 Consensus: NNTAATKRNN
A:	0.240439384939	0.213586592503	0.142303726038	0.74781209734	0.906303602135	0.0718680605786	0.0840178725771	0.517933639297	0.179399599984	0.241949778376
C:	0.257873207443	0.306139945591	0.0742890591953	0.0254610985342	0.0260332443887	0.127081923572	0.110060426302	0.0814384177816	0.340227911125	0.27279761336
G:	0.308730281434	0.180195493392	0.0424345839571	0.152498039412	0.00233818351344	0.0697440383933	0.372795325928	0.267694692649	0.254580150568	0.212454994904
T:	0.192957126184	0.300077968514	0.74097263081	0.0742287647134	0.0653249699633	0.731305977457	0.433126375192	0.132933250272	0.225792338322	0.27279761336
