# Algorithm: BEEML	Format: PROBABILITY
# Name: cell08_Hoxa7_3750 Consensus: NVBBRNNNNN
A:	0.311988652982	0.258357669251	0.101381590998	0.0741130032389	0.259354831842	0.376875009558	0.176152337668	0.325982129224	0.252238226278	0.256826881538
C:	0.217667097188	0.174922836045	0.232500302553	0.197470854088	0.145212346709	0.282001839183	0.330745492768	0.161877934671	0.20859070515	0.239463797132
G:	0.321490122007	0.504892199322	0.527891899172	0.536781434318	0.543591002913	0.19093128384	0.190823549336	0.277783646732	0.284397805976	0.259408034609
T:	0.148854127822	0.0618272953818	0.138226207277	0.191634708356	0.0518418185357	0.150191867418	0.302278620228	0.234356289374	0.254773262597	0.244301286722
