# Algorithm: BEEML	Format: PROBABILITY
# Name: cell08_Hoxb5_3122 Consensus: NNHNWTHHNN
A:	0.266071619995	0.213949049324	0.185564164986	0.335173203689	0.638650889827	0.155511431394	0.180118286783	0.570954970833	0.309282245365	0.221314191205
C:	0.222241698284	0.266596931894	0.35191889078	0.3558991571	0.0873006550961	0.101161600455	0.18375691754	0.140795762355	0.21794751467	0.295770368617
G:	0.266071619995	0.30974144448	0.107061209802	0.150603028413	0.131546179751	0.0463730857618	0.0785404504053	0.096284788455	0.271579326519	0.257130405744
T:	0.245615061727	0.209712574302	0.355455734432	0.158324610798	0.142502275326	0.69695388239	0.557584345272	0.191964478358	0.201190913446	0.225785034434
