# Algorithm: BEEML	Format: PROBABILITY
# Name: cell08_Hoxb6_3428 Consensus: NNNNNNNNNN
A:	0.220041623843	0.201551016759	0.273339178669	0.351507330496	0.266660612468	0.146707990783	0.284306414226	0.20985078275	0.250702692646	0.238400256494
C:	0.258221237651	0.238899397952	0.212876766391	0.206898961608	0.218323244062	0.259418906283	0.219214911543	0.274897065361	0.271582984774	0.279765292643
G:	0.255651893406	0.227248136828	0.208661523995	0.219692878878	0.186042796414	0.214528834068	0.320554586924	0.26149017728	0.266205281369	0.266120978317
T:	0.2660852451	0.332301448461	0.305122530945	0.221900829018	0.328973347056	0.379344268866	0.175924087307	0.253761974609	0.211509041211	0.215713472546
