# Algorithm: BEEML	Format: PROBABILITY
# Name: cell08_Hoxb9_3413 Consensus: NWTWAYDDNN
A:	0.233946065917	0.143303097891	0.112992126114	0.350320655651	0.736658287193	0.0485413417748	0.14151656773	0.39203605718	0.134052603965	0.207812018901
C:	0.171587029967	0.107228487273	0.101222203593	0.0743548493516	0.0800078000806	0.265712751199	0.108030845914	0.0938177263243	0.423363983366	0.32918961291
G:	0.168189379131	0.107228487273	0.0671761407336	0.0579076149002	0.0816240648548	0.088448091444	0.380854265484	0.365531996894	0.210236332294	0.188036090619
T:	0.426277524985	0.642239927563	0.71860952956	0.517416880097	0.101709847872	0.597297815582	0.369598320872	0.148614219602	0.232347080375	0.27496227757
