# Algorithm: BEEML	Format: PROBABILITY
# Name: cell08_Hoxb13_3479 Consensus: NNHHRTWAAN
A:	0.230537939399	0.20991655024	0.143266725638	0.315333176537	0.519889466346	0.0533556247335	0.561772682198	0.772811035155	0.662919606326	0.37131261754
C:	0.25734444616	0.386337010185	0.374169202106	0.338197411657	0.0390021286052	0.102204877635	0.0598054795479	0.0192986387482	0.11989948004	0.209986730929
G:	0.281579675042	0.251315738753	0.0969997214797	0.0777602039642	0.370041893262	0.0014290064363	0.0966501046083	0.0609488240612	0.0819946273837	0.177158416837
T:	0.230537939399	0.152430700822	0.385564350776	0.268709207841	0.0710665117868	0.843010491196	0.281771733646	0.146941502036	0.135186286251	0.241542234695
