# Algorithm: BEEML	Format: PROBABILITY
# Name: cell08_Hoxb7_3953 Consensus: NNNWAYNDNN
A:	0.208830391813	0.210337567033	0.20387683538	0.508691670741	0.701893895515	0.0876560618748	0.167342906272	0.335660308097	0.183827464631	0.237645851099
C:	0.265475458154	0.206172604152	0.139423499949	0.0760843108028	0.0636743776275	0.193141053475	0.148419843512	0.112854531865	0.341722028863	0.276105087449
G:	0.265475458154	0.218921605985	0.145113480922	0.121734455479	0.0969099548269	0.109226178997	0.347250019636	0.36727087718	0.236039136871	0.212891265526
T:	0.260218691878	0.36456822283	0.511586183749	0.293489562976	0.137521772031	0.609976705653	0.33698723058	0.184214282858	0.238411369635	0.273357795926
