# Algorithm: BEEML	Format: PROBABILITY
# Name: cell08_Hoxb3_1720 Consensus: NNNYMATTAN
A:	0.297432661913	0.26443915225	0.206949266198	0.13485032732	0.341030305859	0.790488899329	0.0256668279482	0.0401997474185	0.788486670835	0.326038034704
C:	0.229335925638	0.225340181149	0.279352289699	0.352188124303	0.416535356192	0.0623430135646	0.0062663836434	0.10188662877	0.0252825769855	0.171917385649
G:	0.248436642397	0.289342519996	0.324561055956	0.0696975716322	0.116976299607	0.123057486235	0.00972985911707	0.0258901014559	0.0597467921678	0.310136972116
T:	0.224794770052	0.220878146605	0.189137388147	0.443263976745	0.125458038342	0.0241106008712	0.958336929291	0.832023522356	0.126483960012	0.191907607531
