# Algorithm: BEEML	Format: PROBABILITY
# Name: cell08_Hoxb4_2627 Consensus: NTAATNDNNN
A:	0.218347588482	0.168968209453	0.743516728758	0.885792938648	0.0607976192005	0.140674678519	0.425917943817	0.237327195543	0.23064151705	0.240499847055
C:	0.272077849187	0.0790207587932	0.0541301464137	0.0281200605366	0.136667453772	0.144958860292	0.0778081909337	0.281305076227	0.27612802887	0.240499847055
G:	0.18056453267	0.0529691986721	0.115745204888	0.0182923551232	0.0692380543841	0.378588544216	0.34871211889	0.219080613648	0.20869307478	0.231069713168
T:	0.329010029661	0.699041833082	0.0866079199399	0.0677946456921	0.733296872643	0.335777916973	0.147561746359	0.262287114582	0.2845373793	0.287930592722
