# Algorithm: BEEML	Format: PROBABILITY
# Name: cell08_Hoxb8_3780 Consensus: NNNHNRTWWN
A:	0.277149445899	0.281612358779	0.24227176381	0.186657175212	0.334181246854	0.687099549522	0.106002572188	0.32823143418	0.565325065871	0.374300120888
C:	0.240942153228	0.192583824526	0.200348847979	0.411279752798	0.365652526404	0.0753752661773	0.0542424254559	0.0912605818833	0.127408811338	0.20957002629
G:	0.238544738747	0.276036060462	0.372434091661	0.100411189143	0.135867955825	0.194898553828	0.0163375045874	0.0605651079944	0.115284259886	0.182191428248
T:	0.243363662126	0.249767756233	0.18494529655	0.301651882847	0.164298270916	0.042626630472	0.823417497769	0.519942875942	0.191981862905	0.233938424573
