# Algorithm: BEEML	Format: PROBABILITY
# Name: cell08_Hoxc10_2779 Consensus: NNNWAYNNNN
A:	0.220288298783	0.197394104438	0.210941337414	0.3691685397	0.717740696739	0.0314456223646	0.143823148834	0.357125565788	0.151599069655	0.223717225514
C:	0.23158272138	0.175072865314	0.134502135076	0.0857343264072	0.0278298269447	0.316796553242	0.139572532407	0.139503186715	0.369163389624	0.317469854788
G:	0.238635465232	0.205449910661	0.16102829149	0.120452235314	0.109520128821	0.11889726251	0.402858108439	0.332981670471	0.257556557393	0.22596562101
T:	0.309493514605	0.422083119587	0.493528236021	0.424644898579	0.144909347495	0.532860561883	0.313746210319	0.170389577026	0.221680983329	0.232847298687
