# Algorithm: BEEML	Format: PROBABILITY
# Name: cell08_Hoxc4_3491 Consensus: NNNHNATTWN
A:	0.283840649846	0.278623927299	0.254430226405	0.168379558092	0.322625764335	0.697622793393	0.0673700678247	0.0907893234545	0.652564220467	0.304053571722
C:	0.232389069003	0.221376072701	0.227927281865	0.342482549294	0.360140065692	0.0880300775196	0.0245374573568	0.139566570538	0.0628599701513	0.190034172006
G:	0.244303911356	0.278623927299	0.27562097389	0.0991090446852	0.158617084987	0.151060217102	0.0366055849022	0.0573138150835	0.0919191656446	0.264331476579
T:	0.239466369795	0.221376072701	0.242021517839	0.390028847929	0.158617084987	0.0632869119847	0.871486889916	0.712330290924	0.192656643737	0.241580779694
