# Algorithm: BEEML	Format: PROBABILITY
# Name: cell08_Hoxc11_3718 Consensus: NWTWAYDDBN
A:	0.242065426983	0.153566105008	0.142567541687	0.373559998607	0.776609940766	0.0491477309101	0.149493566615	0.474588876256	0.114432294407	0.207199365862
C:	0.172294987094	0.107139435951	0.0806255715569	0.0536820472787	0.0283588235359	0.377975991441	0.0879926562442	0.0929859964103	0.383746943048	0.331517782217
G:	0.202190040372	0.103972987085	0.0344605731803	0.0531479019836	0.0704524643305	0.0826678423108	0.467431754889	0.282152838772	0.254673754743	0.203096543528
T:	0.383449545551	0.635321471956	0.742346313576	0.519610052131	0.124578771368	0.490208435338	0.295082022252	0.150272288561	0.247147007802	0.258186308393
