# Algorithm: BEEML	Format: PROBABILITY
# Name: cell08_Hoxc5_2630 Consensus: NNHNATHWNN
A:	0.276396739764	0.216624410998	0.180404530505	0.332718177437	0.702281094588	0.132226308922	0.150972805607	0.60213397091	0.339551350053	0.23278682741
C:	0.221813579356	0.259346506123	0.322209424563	0.349777003179	0.0683289637648	0.0637210469961	0.150972805607	0.0937357790855	0.197872955834	0.284326473062
G:	0.270923717623	0.307404671881	0.111631327283	0.160339880873	0.0931614252195	0.0431427729189	0.0544400298057	0.0891642311946	0.256627389759	0.254709360137
T:	0.230865963256	0.216624410998	0.385754717649	0.15716493851	0.136228516428	0.760909871163	0.64361435898	0.21496601881	0.205948304354	0.228177339391
