# Algorithm: BEEML	Format: PROBABILITY
# Name: cell08_Hoxc9_2367 Consensus: NNNNVNNNNN
A:	0.2316239925	0.218977211087	0.197485522897	0.278195353356	0.481433760014	0.173722115852	0.368886416683	0.427451719004	0.384842641378	0.299549200306
C:	0.241076746956	0.254415222217	0.325598582256	0.343203503818	0.139319332131	0.157190270763	0.164102097982	0.195946437534	0.207023958278	0.233289151767
G:	0.2886212673	0.340007496344	0.182302114361	0.190247066383	0.274999327363	0.136654656412	0.139838583551	0.19206643811	0.211206119653	0.24525014235
T:	0.238677993244	0.186600070353	0.294613780485	0.188354076443	0.104247580493	0.532432956973	0.327172901784	0.184535405352	0.196927280691	0.221911505577
