# Algorithm: BEEML	Format: PROBABILITY
# Name: cell08_Hoxc12_3480 Consensus: NDTWAYNRBN
A:	0.255076915402	0.169076696098	0.155827021431	0.292281891642	0.75686669484	0.0658496781292	0.15417878834	0.448327680608	0.121455031385	0.217819748292
C:	0.176190382421	0.100519570013	0.0714320433478	0.067203055747	0.0337569776551	0.382747131568	0.148133351578	0.104117950403	0.383578418968	0.309100936244
G:	0.206761329135	0.13433711645	0.0602647017501	0.123682613891	0.0984144006369	0.102245270568	0.368011023271	0.31910633793	0.232652071508	0.220008873156
T:	0.361971373042	0.596066617438	0.712476233471	0.516832438721	0.110961926868	0.449157919735	0.329676836812	0.128448031059	0.262314478139	0.253070442308
