# Algorithm: BEEML	Format: PROBABILITY
# Name: cell08_Hoxc6_3954 Consensus: NNNNSNNNNN
A:	0.346315139319	0.363896269192	0.27067326822	0.28574278545	0.0202426200854	0.285667102627	0.18319770214	0.244082781327	0.221842811562	0.211150625106
C:	0.218623083643	0.166812237289	0.221608528728	0.24107113468	0.449344694465	0.215902551634	0.259969914083	0.21648200701	0.284851808556	0.285023531024
G:	0.239211755947	0.269580986655	0.202534945327	0.224773236134	0.371589699377	0.169834962391	0.232889923186	0.322953204653	0.257744574976	0.238071665016
T:	0.195850021091	0.199710506864	0.305183257725	0.248412843737	0.158822986072	0.328595383347	0.323942460592	0.21648200701	0.235560804905	0.265754178855
