# Algorithm: BEEML	Format: PROBABILITY
# Name: cell08_Hoxc8_3429 Consensus: NNNNRWWNNN
A:	0.252649760377	0.225616389925	0.174630029609	0.348611291199	0.575021696531	0.169559718613	0.328751990701	0.509830097383	0.384936856837	0.288212402773
C:	0.215293924089	0.230174143333	0.348162602603	0.334942046953	0.111542733011	0.113659278387	0.12338427088	0.156659949225	0.202974288345	0.238339878989
G:	0.296487240356	0.371978541087	0.125545672856	0.159805511494	0.209433815542	0.100806736824	0.104094968263	0.155101156685	0.205014213857	0.255621470135
T:	0.235569075177	0.172230925655	0.351661694932	0.156641150354	0.104001754915	0.615974266176	0.443768770156	0.178408796707	0.207074640961	0.217826248102
