# Algorithm: BEEML	Format: PROBABILITY
# Name: cell08_Hoxd10_2368 Consensus: NNNHNYNNNN
A:	0.235488825363	0.20366993831	0.207310612051	0.335541588317	0.518698687168	0.0952018177223	0.184265518218	0.328157990085	0.201009464526	0.254484023739
C:	0.235488825363	0.207784343987	0.182038501224	0.153814281127	0.139955309018	0.30066570572	0.178819649142	0.185581691305	0.324846250218	0.275679251846
G:	0.204724149674	0.17011943243	0.144635706172	0.124679433087	0.148609661999	0.108418532166	0.339128045441	0.296929628456	0.235886791793	0.234918362208
T:	0.324298199599	0.418426285273	0.466015180553	0.385964697468	0.192736341815	0.495713944391	0.297786787199	0.189330690154	0.238257493463	0.234918362208
