# Algorithm: BEEML	Format: PROBABILITY
# Name: cell08_Hoxd12_3481 Consensus: NDWWAYNDBN
A:	0.260045263718	0.184864529778	0.16467465822	0.300300829569	0.68643300333	0.072183725352	0.144990149471	0.472680121115	0.119976722557	0.232246732179
C:	0.18509250129	0.123918400111	0.0894761186584	0.0860376281726	0.070916890055	0.372119340214	0.150907309721	0.110876712186	0.371406721046	0.295243460948
G:	0.210788594009	0.130271832346	0.0912836561557	0.128353058634	0.102668836497	0.119010843386	0.374902429992	0.28101804462	0.241603449882	0.220919925393
T:	0.344073640983	0.560945237765	0.654565566966	0.485308483624	0.139981270119	0.436686091048	0.329200110817	0.13542512208	0.267013106516	0.25158988148
