# Algorithm: BEEML	Format: PROBABILITY
# Name: cell08_Hoxd8_2644 Consensus: NNNWWYNDNN
A:	0.225069405547	0.220026421455	0.201051131182	0.470388261302	0.643887908769	0.100803939665	0.178808869822	0.288532478261	0.183833006791	0.231090582717
C:	0.253765046141	0.205151275581	0.143102228533	0.0930892249759	0.0916085544258	0.213401941946	0.168395851889	0.124562507217	0.35567869235	0.282254675116
G:	0.246265155599	0.215669606403	0.16626106932	0.114842134471	0.116457296976	0.0939889703659	0.345958030655	0.385602735137	0.226790747174	0.215467431164
T:	0.274900392713	0.35915269656	0.489585570965	0.321680379251	0.148046239829	0.591805148023	0.306837247634	0.201302279386	0.233697553684	0.271187311003
