# Algorithm: BEEML	Format: PROBABILITY
# Name: cell08_Hoxd11_3873 Consensus: NNNHDYNNNN
A:	0.239782480796	0.19080891047	0.187762176322	0.332227031928	0.530519160955	0.114794273682	0.167756494107	0.385417040894	0.154419149532	0.233076934602
C:	0.228088151213	0.185169654927	0.168203766867	0.13372942823	0.118374825346	0.34832696798	0.13872776508	0.146105062799	0.343666137427	0.299276708073
G:	0.208456874385	0.159376998987	0.133643544843	0.111700207789	0.15199628444	0.102836628901	0.408508812995	0.277085457968	0.259737279156	0.215157128297
T:	0.323672493605	0.464644435616	0.510390511968	0.422343332052	0.19910972926	0.434042129436	0.285006927818	0.191392438339	0.242177433884	0.252489229028
