# Algorithm: BEEML	Format: PROBABILITY
# Name: cell08_Hoxd1_3448 Consensus: NNRATNDNNN
A:	0.207315427032	0.207347846853	0.542151364598	0.849965026903	0.0920030165019	0.132621960491	0.39369731078	0.215462944769	0.215964016603	0.236037186223
C:	0.253215634386	0.155150839616	0.0588825765572	0.00225961671511	0.0840844259201	0.22758019428	0.0741123635043	0.273907085463	0.282905184388	0.240805453681
G:	0.248201628886	0.137606450429	0.26922440009	0.0467678127155	0.0948049254918	0.28643243478	0.385901581711	0.321432942433	0.229318485568	0.220079613702
T:	0.291267309696	0.499894863103	0.129741658755	0.101007543666	0.729107632086	0.353365410448	0.146288744004	0.189197027334	0.271812313441	0.303077746394
