# Algorithm: BEEML	Format: PROBABILITY
# Name: cell08_Hoxd13_2356 Consensus: NWTHVYDNNN
A:	0.260735006661	0.156786318493	0.14176469541	0.240049774063	0.605522559038	0.102371065798	0.243075569707	0.37868413973	0.161800294104	0.263546487551
C:	0.17303685239	0.1138502342	0.136206022195	0.15003165329	0.137839755604	0.333153755654	0.12192088874	0.13655158471	0.258879531027	0.268870479759
G:	0.207162724141	0.106153254763	0.0406162652604	0.096625849034	0.144906950998	0.0917074952081	0.338110370271	0.31630358145	0.367367541475	0.238466723328
T:	0.359065416807	0.623210192545	0.681413017135	0.513292723614	0.111730734361	0.47276768334	0.296893171282	0.16846069411	0.211952633394	0.229116309363
