# Algorithm: BEEML	Format: PROBABILITY
# Name: cell08_Ipf1_3815 Consensus: NNWRATNNNN
A:	0.222305928052	0.209153525076	0.222518314921	0.643212333438	0.789399802719	0.0957221746391	0.165329911427	0.345012036632	0.20685935674	0.240199066103
C:	0.266148516988	0.305841976544	0.0778675582595	0.0828038777317	0.0557720536517	0.138580305616	0.168669797185	0.133430308151	0.311699357753	0.268128950035
G:	0.300081614957	0.19697337199	0.0763256772996	0.18428341893	0.0552171124458	0.119277174419	0.339659260749	0.345012036632	0.268282123464	0.226210961456
T:	0.211463940004	0.28803112639	0.62328844952	0.0897003699001	0.0996110311839	0.646420345326	0.326341030638	0.176545618584	0.213159162043	0.265461022406
