# Algorithm: BEEML	Format: PROBABILITY
# Name: cell08_Irx3_0920 Consensus: NNNDTGTHNN
A:	0.291035366158	0.25091393299	0.159222539362	0.371148578288	0.11294142555	0.0762461621992	0.0574123118447	0.382404171495	0.316446484543	0.246735731093
C:	0.222170430652	0.227036315276	0.39556014236	0.0906134324409	0.0507478537482	0.0197660749618	0.0603559040185	0.246282214017	0.269657906344	0.249215466416
G:	0.23123737793	0.236301843072	0.219269779664	0.22511299204	0.0811962713154	0.823832376309	0.00193529307003	0.0613428174816	0.212120422087	0.214501739792
T:	0.25555682526	0.285747908661	0.225947538614	0.313124997231	0.755114449387	0.0801553865296	0.880296491067	0.309970797007	0.201775187026	0.289547062699
