# Algorithm: BEEML	Format: PROBABILITY
# Name: cell08_Irx3_2226 Consensus: NNDACWHNNN
A:	0.27312109872	0.202788556663	0.309031371418	0.766268469053	0.129616207633	0.654817887786	0.316891689968	0.242868792914	0.281153791615	0.263471953195
C:	0.235077508199	0.228643459173	0.0885389702915	0.0245701573368	0.695463016818	0.113790286602	0.22555410045	0.221965363773	0.239583457269	0.231353518276
G:	0.247130189777	0.263002580367	0.250495961182	0.0910612712266	0.0491353057768	0.0649980430853	0.114269539986	0.351609558322	0.234839386961	0.23367865979
T:	0.244671203303	0.305565403797	0.351933697109	0.118100102384	0.125785469773	0.166393782526	0.343284669596	0.183556284991	0.244423364154	0.271495868739
