# Algorithm: BEEML	Format: PROBABILITY
# Name: cell08_Irx4_2242 Consensus: NNNNWKTHNN
A:	0.265193870271	0.239734379312	0.180820179757	0.314886923643	0.17657373669	0.131311887222	0.140771376821	0.347359592856	0.300160090524	0.235749469215
C:	0.235205863236	0.249518124932	0.339509882456	0.133248206303	0.076994851867	0.073521311166	0.105334092633	0.239933195862	0.263569204034	0.252843234459
G:	0.244804796609	0.234987320548	0.223073888563	0.224127167275	0.104976714694	0.612516151599	0.035415059293	0.101530630778	0.226856116252	0.24292910943
T:	0.254795469884	0.275760175208	0.256596049224	0.327737702779	0.641454696748	0.182650650014	0.718479471252	0.311176580503	0.20941458919	0.268478186896
