# Algorithm: BEEML	Format: PROBABILITY
# Name: cell08_Irx5_2385 Consensus: NNDACAHNNN
A:	0.266584031076	0.202183732086	0.312308219386	0.773321282898	0.123746425035	0.67483379023	0.312532935522	0.234437821759	0.279799587664	0.260217480555
C:	0.241215206368	0.23490398326	0.0877060237449	0.0198994997537	0.698010756026	0.099929648545	0.229226330279	0.220785225864	0.233708260741	0.233111701682
G:	0.248561303061	0.270203897191	0.258266134627	0.0956498945484	0.0455237656887	0.0537565985856	0.10936707198	0.364013298138	0.243246075797	0.233111701682
T:	0.243639459495	0.292708387463	0.341719622242	0.1111293228	0.132719053251	0.171479962639	0.34887366222	0.18076365424	0.243246075797	0.27355911608
