# Algorithm: BEEML	Format: PROBABILITY
# Name: cell08_Irx6_2623 Consensus: NNNNWDWHNN
A:	0.252449425102	0.225717899804	0.188184138598	0.295200659371	0.187400914026	0.163375510067	0.178431844275	0.335915730009	0.279282331444	0.233489381121
C:	0.242550741558	0.264882409198	0.332759811885	0.149553670195	0.095894655192	0.0861466687326	0.117238075834	0.246376369723	0.27375217076	0.258045673695
G:	0.247450591562	0.244517281801	0.227561593885	0.254081562167	0.1307451812	0.593508356511	0.049610708297	0.11070403899	0.237988704108	0.250419271489
T:	0.257549241778	0.264882409198	0.251494455632	0.301164108267	0.585959249583	0.156969464689	0.654719371594	0.307003861278	0.208976793688	0.258045673695
