# Algorithm: BEEML	Format: PROBABILITY
# Name: cell08_Isl2_3430 Consensus: NNNNRHDNNN
A:	0.235176492368	0.25934088812	0.231139716732	0.200395065014	0.557221298438	0.57147448039	0.207329002619	0.226086616605	0.239019530774	0.263923323762
C:	0.265160754711	0.214464316235	0.285151997317	0.148456315497	0.0191626383733	0.162101037404	0.0950408611183	0.138506628704	0.165098995599	0.258697291806
G:	0.257324070081	0.307398012834	0.235809048743	0.127777534899	0.296771494894	0.0854746489528	0.288388034749	0.311350156872	0.390155456969	0.261297242813
T:	0.24233868284	0.218796782811	0.247899237208	0.523371084589	0.126844568295	0.180949833253	0.409242101514	0.324056597819	0.205726016659	0.216082141619
