# Algorithm: BEEML	Format: PROBABILITY
# Name: cell08_Isx_3445 Consensus: NNNNATHWNN
A:	0.268128950035	0.185833843676	0.159411939562	0.462003711804	0.756922307932	0.0827363914183	0.142233276318	0.609535150552	0.271920476478	0.221320569852
C:	0.240199066103	0.318892150974	0.400010847984	0.207591649243	0.0974423203351	0.0827363914183	0.173724115997	0.0833206667287	0.218221293924	0.28703730584
G:	0.265461022406	0.23156322836	0.144241887797	0.146287362747	0.0926900022943	0.00100567559206	0.0837192132942	0.110244058133	0.291636935673	0.270321554455
T:	0.226210961456	0.263710776991	0.296335324657	0.184117276206	0.0529453694387	0.833521541571	0.600323394392	0.196900124587	0.218221293924	0.221320569852
