# Algorithm: BEEML	Format: PROBABILITY
# Name: cell08_Lhx1_2240 Consensus: NNNYHATTAN
A:	0.324135456861	0.281653968231	0.182974699509	0.131018042165	0.510335383981	0.81240795707	0.071975744132	0.0847567289727	0.693229231989	0.319446297011
C:	0.192705189429	0.206578245707	0.292758456721	0.378166675974	0.199351206351	0.0494025787467	0.0313849718612	0.175877044661	0.0530566773741	0.205735049856
G:	0.215112577024	0.23291632164	0.237305392892	0.0852284280009	0.122127810723	0.0790438391246	0.010982786409	0.0609336240265	0.0628883370864	0.218456994842
T:	0.268046776686	0.278851464422	0.286961450877	0.40558685386	0.168185598945	0.0591456250585	0.885656497598	0.67843260234	0.19082575355	0.256361658291
