# Algorithm: BEEML	Format: PROBABILITY
# Name: cell08_Lhx4_1719 Consensus: NNDATTRNNN
A:	0.223866751984	0.244733225424	0.42962997655	0.909334488515	0.0404457743914	0.0587870675827	0.562862337431	0.274327504422	0.254248071261	0.238938329968
C:	0.268017162501	0.146961219856	0.0808765823959	0.00126201922866	0.0279372849014	0.0885813989682	0.0328856069108	0.229137592615	0.254248071261	0.238938329968
G:	0.240098923014	0.125232090719	0.318277714779	0.0581318089723	0.0603380051523	0.171386611694	0.334633225281	0.335064370541	0.234700550619	0.218373191114
T:	0.268017162501	0.483073464001	0.171215726276	0.0312716832839	0.871278935555	0.681244921755	0.0696188303764	0.161470532422	0.256803306858	0.303750148951
