# Algorithm: BEEML	Format: PROBABILITY
# Name: cell08_Lhx6_3432 Consensus: NNTRATTRNN
A:	0.245114963324	0.198485954849	0.111407318895	0.403520492065	0.943977979303	0.0242347933585	0.0732219398794	0.431036165901	0.213948997535	0.246244032737
C:	0.268198489421	0.320768070826	0.047617151624	0.0774960736276	0.00297457995926	0.0337098251616	0.0630227077035	0.0512231715081	0.300587128591	0.256293442353
G:	0.28194932002	0.172555399459	0.0500585351941	0.483101739475	0.0321400475208	0.0639300388638	0.155010847941	0.397896530627	0.297596236688	0.251218492172
T:	0.204737227236	0.308190574867	0.790916994287	0.0358816948324	0.0209073932171	0.878125342616	0.708744504476	0.119844131965	0.187867637186	0.246244032737
