# Algorithm: BEEML	Format: PROBABILITY
# Name: cell08_Lhx6_2272 Consensus: NNYAATYANN
A:	0.244342940751	0.168433591866	0.0801846175227	0.798300668776	0.940544713584	0.011443071122	0.0200982244493	0.86425443742	0.365455196713	0.183449043428
C:	0.246798628131	0.325884022398	0.374028386779	0.114718959213	0.0244458187729	0.0149900163771	0.469013463711	0.0266254416905	0.137159391459	0.287705370224
G:	0.262059802987	0.30999047108	0.0307021196141	0.0430552986414	0.0182919155674	0.00348122556155	0.0557362908077	0.02913287359	0.317711484932	0.273673813744
T:	0.246798628131	0.195691914656	0.515084876084	0.0439250733692	0.0167175520754	0.970085686939	0.455152021032	0.0799872472991	0.179673926896	0.255171772605
