# Algorithm: BEEML	Format: PROBABILITY
# Name: cell08_Lhx8_2247 Consensus: NNYMATYANN
A:	0.245950282537	0.191918535437	0.127576542288	0.663185057403	0.855546408448	0.0342818001424	0.0463034110431	0.739237978086	0.29894118976	0.202244119869
C:	0.25598770398	0.310154632426	0.402911331298	0.178940629582	0.0695287502035	0.0398297693078	0.480686663699	0.0691045030838	0.19061331827	0.295738459789
G:	0.266434760364	0.292092632746	0.0666007951154	0.0698991907913	0.0417517070975	0.00566674344977	0.0794569710924	0.0619061727652	0.308045304373	0.26229648391
T:	0.231627253119	0.205834199391	0.402911331298	0.087975122224	0.0331731342509	0.9202216871	0.393552954165	0.129751346065	0.202400187597	0.239720936432
