# Algorithm: BEEML	Format: PROBABILITY
# Name: cell08_Lhx9_3492 Consensus: NNNYHATTAN
A:	0.283063605799	0.253051701576	0.191889830101	0.0882473242107	0.495768971479	0.797437275143	0.0249458428606	0.0240346623787	0.748684799037	0.346297870042
C:	0.229446899468	0.243129402434	0.371266972328	0.347284168706	0.269376501513	0.0484922106411	0.00899534471389	0.122669905683	0.0219401450467	0.148012880558
G:	0.236434597859	0.288182460204	0.239109452125	0.0666958928655	0.0870175684874	0.12664693552	0.00627583905173	0.0493776085975	0.092602678423	0.289252295122
T:	0.251054896874	0.215636435786	0.197733745447	0.497772614218	0.147836958521	0.0274235786963	0.959782973374	0.80391782334	0.136772377493	0.216436954278
