# Algorithm: BEEML	Format: PROBABILITY
# Name: cell08_Lmx1b_3433 Consensus: NNNNDADDRN
A:	0.282487297245	0.246686226837	0.236164178489	0.234144400586	0.468021365283	0.763074770097	0.173814639081	0.219357861543	0.615683251752	0.38112604521
C:	0.233605450679	0.239395547021	0.236164178489	0.199524696681	0.0964007466761	0.000325418257263	0.0837628371826	0.0946990972249	0.00755895255439	0.161278090916
G:	0.238324593821	0.246686226837	0.274383629474	0.191701221421	0.216700008375	0.142217278918	0.165337599103	0.221562444702	0.26315221515	0.288048868415
T:	0.245582658255	0.267231999306	0.253288013548	0.374629681312	0.218877879666	0.0943825327278	0.577084924633	0.46438059653	0.113605580544	0.169546995459
