# Algorithm: BEEML	Format: PROBABILITY
# Name: cell08_Lmx1a_2238 Consensus: NNYMATHNNN
A:	0.258385461831	0.173996556376	0.107042647618	0.548535455565	0.738764302906	0.071544701814	0.334508818613	0.422899128309	0.28863484061	0.237551397811
C:	0.229167346649	0.275623418434	0.328070108485	0.218601823753	0.10406117314	0.113332100908	0.183582332031	0.146515860186	0.241088084337	0.265173415983
G:	0.22688709345	0.239615488684	0.0655771512345	0.117595635136	0.0386667063793	0.0185472671461	0.0893591142705	0.132573032632	0.233962854636	0.257336357156
T:	0.28556009807	0.310764536506	0.499310092662	0.115267085547	0.118507817574	0.796575930132	0.392549735085	0.298011978872	0.236314220417	0.23993882905
