# Algorithm: BEEML	Format: PROBABILITY
# Name: cell08_Meis1_2335 Consensus: NNHTGTCANN
A:	0.429140652888	0.147823454763	0.181983761774	0.0255403148235	0.0313685275464	0.0729445719778	0.0018040413397	0.778816590596	0.323830324974	0.281256097096
C:	0.148678272642	0.345854680576	0.54126958427	0.105663358507	0.00829626225648	0.0493876239149	0.972654894105	0.0544768355774	0.206483331552	0.219042468662
G:	0.233173946702	0.359969277849	0.123213356956	0.00593138757004	0.93992969774	0.0066173822734	0.0135994498124	0.0812698887637	0.170753277034	0.221243882071
T:	0.189007127767	0.146352586812	0.153533297	0.8628649391	0.020405512457	0.871050421834	0.0119416147433	0.085436685063	0.298933066439	0.278457552171
