# Algorithm: BEEML	Format: PROBABILITY
# Name: cell08_Meox1_2310 Consensus: NNNYMATYAN
A:	0.285213552297	0.276100609757	0.220085951052	0.116253273796	0.432778448911	0.766192871963	0.0395581988191	0.030098497767	0.723150917244	0.303982973339
C:	0.238230384124	0.196520220122	0.250640127829	0.280274983666	0.391594134294	0.0807561345697	0.000280206898732	0.27163934866	0.0349394980281	0.188099615294
G:	0.243042957119	0.320783142854	0.341729044891	0.0719355950683	0.0965659246142	0.129209346378	0.00891533631621	0.00287046851599	0.113706201045	0.248880208685
T:	0.23351310646	0.206596027267	0.187544876228	0.53153614747	0.0790614921811	0.0238416470892	0.951246257966	0.695391685057	0.128203383683	0.259037202682
