# Algorithm: BEEML	Format: PROBABILITY
# Name: cell08_Mrg1_2246 Consensus: NNNTGTCDNN
A:	0.37789886911	0.163369746919	0.209494252293	0.0543931985923	0.0685849259858	0.106605267502	0.0369217554929	0.626915246868	0.306628066239	0.27452413755
C:	0.171507434889	0.342412454561	0.457005901159	0.177015822312	0.00674008659503	0.1034546057	0.896771379361	0.0947092203314	0.227155658443	0.231606356157
G:	0.253313187339	0.322471905563	0.156756916608	0.0214610383236	0.869634295059	0.0100656931514	0.0242593220286	0.138491833368	0.185979323303	0.213799613296
T:	0.197280508662	0.171745892958	0.176742929939	0.747129940773	0.0550406923605	0.779874433647	0.0420475431175	0.139883699433	0.280236952016	0.280069892998
