# Algorithm: BEEML	Format: PROBABILITY
# Name: cell08_Mrg2_2302 Consensus: NTGACANNNN
A:	0.274762901114	0.103498598321	0.012826023388	0.817711705604	0.0229324184153	0.82450478957	0.165348819498	0.157725156193	0.197184518534	0.2181440113
C:	0.195568078809	0.119051725867	0.0213590638142	0.00464833846479	0.936876585133	0.00340342729227	0.140900969548	0.330581756394	0.248176436985	0.274556054788
G:	0.24369283225	0.0714900350333	0.954775452162	0.0691660293225	0.00349926015124	0.140440365108	0.491792706761	0.347531045486	0.153567457444	0.263790557896
T:	0.285976187828	0.705959640778	0.0110394606359	0.108473926608	0.0366917363008	0.0316514180294	0.201957504193	0.164162041927	0.401071587038	0.243509376016
