# Algorithm: BEEML	Format: PROBABILITY
# Name: cell08_Msx2_3449 Consensus: NNYMATYWNN
A:	0.293452722738	0.188181619381	0.125758182513	0.626900776674	0.77806049409	0.0760916489956	0.126182930757	0.613099143675	0.243957401742	0.247005758863
C:	0.226267187225	0.322920950196	0.494902551015	0.135746378018	0.102186980476	0.0494983097041	0.15412017966	0.0993378491509	0.227464373705	0.272983581293
G:	0.262884966124	0.272437044222	0.0606039987306	0.114524443114	0.0684979814571	0.0100939730862	0.0820831440566	0.123782582293	0.266931915306	0.251995606186
T:	0.217395123913	0.216460386201	0.318735267741	0.122828402194	0.051254543977	0.864316068214	0.637613745526	0.163780424881	0.261646309246	0.228015053658
