# Algorithm: BEEML	Format: PROBABILITY
# Name: cell08_Msx3_3206 Consensus: NNWAATDDNN
A:	0.223341262102	0.254067848302	0.158201650765	0.659033363084	0.908444076817	0.0447530282086	0.126349226054	0.319770030259	0.215948321662	0.228623811054
C:	0.251816569847	0.259200359295	0.116032519223	0.0680861734877	0.00149441276512	0.0499568239759	0.122615042091	0.0692416168897	0.277283133705	0.255207746664
G:	0.275531214938	0.205943395241	0.0777789236274	0.13439378172	0.0466061883921	0.0919421074287	0.149762350602	0.453775272953	0.303396074205	0.219659343199
T:	0.249310953113	0.280788397161	0.647986906384	0.138486681709	0.0434553220262	0.813348040387	0.601273381252	0.157213079899	0.203372470428	0.296509099084
