# Algorithm: BEEML	Format: PROBABILITY
# Name: cell08_Nkx1-2_3214 Consensus: NNTAAWNDNN
A:	0.230457602799	0.221362978975	0.154172381676	0.765112621059	0.854475708905	0.172564894689	0.207724087437	0.313416410987	0.221360308919	0.213325362966
C:	0.26245165922	0.317286069059	0.060829285227	0.101496370585	0.0117105257589	0.0937632855008	0.155432366738	0.0972740928206	0.265016405344	0.265819770836
G:	0.290053941171	0.196331349985	0.0513195277647	0.0975166409706	0.0362517651856	0.125307832111	0.23893957517	0.427319805921	0.298805162642	0.235760987238
T:	0.217036796811	0.265019601981	0.733678805332	0.0358743673852	0.0975620001509	0.6083639877	0.397903970655	0.16198969027	0.214818123095	0.285093878961
