# Algorithm: BEEML	Format: PROBABILITY
# Name: cell08_Nkx1-1_3856 Consensus: NNHNATTANN
A:	0.287220911698	0.193265653722	0.141790696993	0.424522683986	0.665267494675	0.0631034500109	0.0153214215935	0.776451392641	0.2636931927	0.200965296511
C:	0.228206665686	0.315470661331	0.456848581924	0.240078377099	0.119126887602	0.0371430042803	0.0881686937024	0.0304088608909	0.183972497893	0.2938684561
G:	0.290107529851	0.27979737672	0.0826282808757	0.142731528309	0.0579852812858	0.00658487559833	0.0847115497731	0.052706249909	0.338588761635	0.274001132333
T:	0.194464892765	0.211466308227	0.318732440207	0.192667410606	0.157620336437	0.893168670111	0.811798334931	0.140433496559	0.213745547772	0.231165115057
