# Algorithm: BEEML	Format: PROBABILITY
# Name: cell08_Nkx2-5_3436 Consensus: NNVYHCTYNN
A:	0.290492345328	0.265038879579	0.219086826794	0.0902901782794	0.563013706738	0.166573111865	0.063609803806	0.119948738332	0.339375086377	0.36803969756
C:	0.223984583529	0.232729429174	0.34704974278	0.580000338312	0.185546212264	0.761609778905	0.00249120768352	0.275080689488	0.191925244607	0.157305662287
G:	0.268158232473	0.278627713517	0.317179582767	0.0238796990736	0.0422373108481	0.0163697369683	0.015375381192	0.0284191857298	0.295038526231	0.225470832833
T:	0.21736483867	0.223603977731	0.116683847659	0.305829784335	0.20920277015	0.0554473722616	0.918523607319	0.57655138645	0.173661142786	0.249183807321
