# Algorithm: BEEML	Format: PROBABILITY
# Name: cell08_Nkx2-3_3435 Consensus: NNRAGDRBNN
A:	0.245408464652	0.159639674281	0.587809887773	0.916735747024	0.0785290754665	0.206893307861	0.317870987186	0.124496723475	0.220988197105	0.222800932072
C:	0.21549205152	0.27947678772	0.0320213726608	0.0102863652849	0.0124717856401	0.0505116114437	0.0183870313796	0.306212528388	0.272628290278	0.258857752193
G:	0.158051989278	0.183629334583	0.261491969982	0.0113681917655	0.71584878056	0.174548604632	0.562080793248	0.328415441899	0.225452454817	0.220584025757
T:	0.381047494549	0.377254203416	0.118676769584	0.0616096959256	0.193150358334	0.568046476064	0.101661188186	0.240875306238	0.280931057801	0.297757289978
