# Algorithm: BEEML	Format: PROBABILITY
# Name: cell08_Nkx2-4_3074 Consensus: NNRAGDRBNN
A:	0.248959136119	0.145045677718	0.540570001089	0.910027148349	0.0910854802667	0.235560155992	0.340430804737	0.113935690004	0.216876631482	0.228045002795
C:	0.184433464242	0.310147723549	0.0374356755109	0.00143831808212	0.0250731714811	0.0401236654184	0.0321435525662	0.30970931575	0.267555941977	0.254561635697
G:	0.139391813655	0.225213470806	0.315016223421	0.0261402019119	0.743819508426	0.194798622591	0.512967191178	0.342281728824	0.225727534717	0.212627751266
T:	0.427215585984	0.319593127927	0.106978099979	0.0623943316568	0.140021839826	0.529517555998	0.114458451518	0.234073265421	0.289839891823	0.304765610242
