# Algorithm: BEEML	Format: PROBABILITY
# Name: cell08_Nkx2-9_3082 Consensus: NNVYHCTYNN
A:	0.30839867196	0.295390826943	0.262213035488	0.0906297434757	0.589749300188	0.151711672842	0.0543614591855	0.0773362943499	0.356025632578	0.434452302904
C:	0.215162452418	0.221030193999	0.30161678444	0.559353948081	0.174111784338	0.758984860286	0.0142343126254	0.364367644861	0.220302748496	0.141753008165
G:	0.252495476942	0.275420581499	0.343489755008	0.027297154162	0.0358626918776	0.0231497002035	0.000966238512326	0.0254868688193	0.274514128586	0.17313751515
T:	0.223943398679	0.208158397559	0.0926804250638	0.322719154281	0.200276223596	0.0661537666692	0.930437989677	0.532809191969	0.14915749034	0.25065717378
