# Algorithm: BEEML	Format: PROBABILITY
# Name: cell08_Nkx2-2_2823 Consensus: NNNRAGDRNN
A:	0.217374577467	0.247533432798	0.173211328441	0.494655156519	0.865754227064	0.102721031822	0.244148471118	0.3318117759	0.127946675297	0.23084701132
C:	0.262860120343	0.187081743976	0.297231828214	0.0457806204043	0.000666044406536	0.058091356585	0.0459602332682	0.038650815255	0.311566742799	0.268205962584
G:	0.237845672596	0.153169577132	0.220194754107	0.355619331886	0.0152350861295	0.673182781497	0.177288177205	0.505004766621	0.305397307938	0.221795370537
T:	0.281919629594	0.412215246094	0.309362089238	0.10394489119	0.1183446424	0.166004830095	0.532603118408	0.124532642225	0.255089273966	0.27915165556
