# Algorithm: BEEML	Format: PROBABILITY
# Name: cell08_Nkx2-6_3437 Consensus: NNVYACTTVD
A:	0.345065148236	0.308634307925	0.176265689926	0.02941675278	0.794599058772	0.0754944860079	0.0102946805962	0.03305182379	0.456026042215	0.518328117379
C:	0.195143119336	0.204825235655	0.420730488389	0.679640739645	0.0639331277924	0.90149961951	0.015053752789	0.167013850738	0.135985725138	0.104648642077
G:	0.274165855326	0.28776872132	0.32766523382	0.00903914268798	0.0249740593172	0.000493644143126	0.000441148958966	0.00514526434785	0.314992843022	0.15768643507
T:	0.185625877101	0.1987717351	0.0753385878648	0.281903364887	0.116493754118	0.0225122503395	0.974210417656	0.794789061124	0.0929953896254	0.219336805474
