# Algorithm: BEEML	Format: PROBABILITY
# Name: cell08_Nkx6-3_3446 Consensus: NDHDATNRNN
A:	0.28316637903	0.306975068886	0.141863816037	0.561654988612	0.833645590878	0.078837959803	0.173761517033	0.475851302326	0.170277162	0.204143969761
C:	0.203575030395	0.123564901401	0.164822239276	0.0641284281258	0.00829628945356	0.019056239948	0.135325605533	0.0810531745617	0.332761984832	0.301516722525
G:	0.227246342123	0.150922511383	0.0763148507331	0.194588634206	0.0619178409971	0.0502693025868	0.30419950948	0.322178395479	0.301095495176	0.234821459611
T:	0.286012248452	0.418537518331	0.616999093954	0.179627949056	0.0961402786709	0.851836497662	0.386713367954	0.120917127633	0.195865357992	0.259517848103
