# Algorithm: BEEML	Format: PROBABILITY
# Name: cell08_Obox3_3439 Consensus: NNNNATHDNN
A:	0.255526492462	0.224948989305	0.281937599104	0.138962784865	0.708883071159	0.146171442652	0.209644771255	0.563325361125	0.288102108971	0.236720441424
C:	0.226631668287	0.231799705938	0.153191039498	0.138962784865	0.0859435419863	0.0532384136852	0.144808840745	0.0624182291982	0.193120618949	0.275029914801
G:	0.279590516857	0.316041540524	0.420601473537	0.530704921025	0.0286081199578	0.13226139076	0.0869570686402	0.147504305812	0.260685568412	0.253884610098
T:	0.238251322394	0.227209764233	0.144269887862	0.191369509246	0.176565266897	0.668328752903	0.55858931936	0.226752103865	0.258091703668	0.234365033677
