# Algorithm: BEEML	Format: PROBABILITY
# Name: cell08_Obox2_3438 Consensus: NNNNSHNNNN
A:	0.372610910662	0.368554452688	0.355240452672	0.163901556024	0.0463219530158	0.300521821627	0.284762326006	0.222654281391	0.204053084607	0.196598246393
C:	0.22599994146	0.198261817774	0.222026088706	0.227981840635	0.256112293793	0.169952735014	0.317873939813	0.25104200126	0.292475288299	0.230710179361
G:	0.210720948716	0.244591254715	0.219816892211	0.419584937856	0.642660117559	0.0486922738211	0.200668619537	0.246071036579	0.251735813547	0.254974180733
T:	0.190668199162	0.188592474822	0.202916566412	0.188531665486	0.0549056356323	0.480833169538	0.196695114644	0.28023268077	0.251735813547	0.317717393512
