# Algorithm: BEEML	Format: PROBABILITY
# Name: cell08_Obox1_3970 Consensus: NNNRGATTAN
A:	0.292833129364	0.261339653938	0.220826748617	0.232088284435	0.050509437058	0.8593760711	0.00181291909745	0.0811343034828	0.795003216782	0.359161728997
C:	0.198264683316	0.187883279703	0.178998683518	0.0836898610407	0.0195340713819	0.0991076494168	0.00765178005116	0.0811343034828	0.0237681431492	0.153511085958
G:	0.278551489119	0.338939260031	0.449159676363	0.618389078141	0.798041172921	0.0136837175667	0.00327048504985	0.0121351457435	0.0330607295933	0.199093146016
T:	0.230350698201	0.211837806329	0.151014891501	0.0658327763834	0.131915318639	0.0278325619164	0.987264815802	0.825596247291	0.148167910476	0.288234039029
