# Algorithm: BEEML	Format: PROBABILITY
# Name: cell08_Obox6_3440 Consensus: NNNRGATTAN
A:	0.310320438801	0.252200733839	0.216836922602	0.255496381197	0.0866658969406	0.791750233726	0.0100085234581	0.135659217012	0.712252357498	0.300736706088
C:	0.203895057438	0.225930026319	0.301613248413	0.0825338280222	0.0397281681327	0.136216561143	0.0119823780632	0.116762970157	0.0450797112244	0.180591062393
G:	0.244106703019	0.284355533369	0.298612146448	0.57433235586	0.729281979849	0.0214183060791	0.0117451110806	0.0196906909569	0.0652634583586	0.205662227627
T:	0.241677800741	0.237513706473	0.182937682538	0.0876374349203	0.144323955077	0.050614899052	0.966263987398	0.727887121874	0.177404472919	0.313010003892
