# Algorithm: BEEML	Format: PROBABILITY
# Name: cell08_Obox5_2284 Consensus: NNDATWWNNN
A:	0.235469783015	0.285735923694	0.148296853723	0.680923572384	0.150935408629	0.191027068359	0.643148627809	0.346057594446	0.271043900276	0.267846121514
C:	0.237836293678	0.149167232234	0.119011012791	0.124393517814	0.0482720147451	0.10379472361	0.047768949911	0.157056438107	0.271043900276	0.190644920361
G:	0.317850960521	0.439249698447	0.572044069672	0.0515963055131	0.117548614433	0.0958146060329	0.133803973555	0.227376041904	0.240394374403	0.259930072301
T:	0.208842962786	0.125847145625	0.160648063815	0.143086604289	0.683243962193	0.609363601998	0.175278448724	0.269509925543	0.217517825045	0.281578885824
