# Algorithm: BEEML	Format: PROBABILITY
# Name: cell08_Og2x_3719 Consensus: NNHDATDRNN
A:	0.212300353692	0.231665110774	0.211686728003	0.511830866643	0.840077596161	0.0728249900793	0.148476348618	0.362432026638	0.253568789997	0.213388584675
C:	0.292364711448	0.231665110774	0.156821385181	0.097318998968	0.000838193971221	0.121274814751	0.117969448154	0.0825031887402	0.209691026971	0.28804446046
G:	0.28090092714	0.173346562271	0.0895777966208	0.218764155035	0.0696508054182	0.135376416206	0.188750432024	0.470048999718	0.359831241221	0.213388584675
T:	0.214434007719	0.36332321618	0.541914090195	0.172085979354	0.0894334044498	0.670523778964	0.544803771204	0.085015784903	0.176908941811	0.28517837019
