# Algorithm: BEEML	Format: PROBABILITY
# Name: cell08_Otp_3496 Consensus: NNHNATTANN
A:	0.271319167227	0.184892974089	0.178948001058	0.495714454534	0.717339856704	0.0762723027406	0.0591740731728	0.73663213185	0.325358248028	0.205728935154
C:	0.215572195365	0.304836979184	0.304020540561	0.193639864331	0.105167017206	0.0313216598961	0.11797626885	0.0255871078468	0.161568124438	0.289038371754
G:	0.279582066018	0.208466246165	0.110730051052	0.140611401023	0.104120587901	0.00853614813228	0.087398969572	0.0977182780435	0.325358248028	0.246302253263
T:	0.23352657139	0.301803800562	0.406301407329	0.170034280113	0.0733725381884	0.883869889231	0.735450688405	0.14006248226	0.187715379506	0.258930439828
