# Algorithm: BEEML	Format: PROBABILITY
# Name: cell08_Otx1_2325 Consensus: NNRDMTTANN
A:	0.277040053278	0.245148818975	0.275680119569	0.146275146081	0.675538040382	0.0157216157483	0.12828326377	0.717523787682	0.322340452748	0.252245583561
C:	0.215759010435	0.279182433187	0.119014008718	0.0763623222569	0.243595599256	0.0223100347198	0.0999071062794	0.0336430366699	0.180477892971	0.26784357933
G:	0.282636633596	0.299425443655	0.487476072168	0.623587698468	0.0138116089974	0.0227607273172	0.0335904169697	0.0571572419585	0.25356198088	0.237555944351
T:	0.22456430269	0.176243304184	0.117829799545	0.153774833194	0.0670547513645	0.939207622215	0.73821921298	0.19167593369	0.2436196734	0.242354892758
