# Algorithm: BEEML	Format: PROBABILITY
# Name: cell08_Pax4_3989 Consensus: NNNNATTANN
A:	0.26458119938	0.180338120697	0.2329486459	0.367716985221	0.696525093543	0.101616463288	0.0861742056887	0.724779077033	0.301922402447	0.237767291835
C:	0.239402969308	0.355965400717	0.204551141604	0.214286430506	0.0527784952401	0.0233642146245	0.153910443099	0.0283851717429	0.188702186374	0.279022501735
G:	0.254206822162	0.220265478021	0.317608034123	0.210043274889	0.137841409891	0.0616335005159	0.0632042088674	0.0914568143988	0.304956773038	0.252470000044
T:	0.24180900915	0.243431000565	0.244892178374	0.207953309384	0.112855001326	0.813385821571	0.696711142345	0.155378936826	0.204418638141	0.230740206386
