# Algorithm: BEEML	Format: PROBABILITY
# Name: cell08_Pax6_3838 Consensus: NNNNNNNNNN
A:	0.228215089815	0.190212241364	0.202717484859	0.212541573462	0.404582826433	0.318153020582	0.191692404421	0.28367594161	0.352575661688	0.258906717114
C:	0.249707082429	0.29831217596	0.247599695134	0.29860977153	0.162854388267	0.211142331691	0.231803962921	0.254126591856	0.182229201253	0.22062575091
G:	0.30499291921	0.244237352476	0.321119494069	0.210426749471	0.293787429831	0.196867805189	0.234133631479	0.22994324923	0.253475011018	0.264136979741
T:	0.217084908547	0.2672382302	0.228563325939	0.278421905538	0.138775355468	0.273836842538	0.342370001179	0.232254217304	0.211720126041	0.256330552235
