# Algorithm: BEEML	Format: PROBABILITY
# Name: cell08_Pax7_3783 Consensus: NNNVATTWNN
A:	0.285907817458	0.202298569569	0.199200195187	0.38727137577	0.697295112958	0.0637304945115	0.123281129792	0.598355396246	0.24405845604	0.228207975327
C:	0.234081522698	0.295818080746	0.362966420691	0.179311707964	0.0620046092907	0.0496333590311	0.098935424092	0.0989074817608	0.218635895928	0.293024840611
G:	0.21608447999	0.214808014482	0.182055270493	0.310792558968	0.110742615077	0.0704330891287	0.0612195972895	0.0826144732005	0.256571600661	0.257303773686
T:	0.263926179855	0.287075335203	0.255778113629	0.122624357297	0.129957662675	0.816203057329	0.716563848827	0.220122648793	0.280734047372	0.221463410376
