# Algorithm: BEEML	Format: PROBABILITY
# Name: cell08_Pbx1_3203 Consensus: NNNNNTCHNN
A:	0.280471185882	0.160671188471	0.270207558199	0.215580158214	0.402622210116	0.124186612242	0.148787575418	0.582897820149	0.350456482279	0.286757627053
C:	0.218431179194	0.350499741514	0.27566611296	0.385034447477	0.134021291402	0.0745735115991	0.680290301052	0.149607007404	0.225706738593	0.227838570468
G:	0.280471185882	0.221264754572	0.202186471485	0.130755975582	0.316713847961	0.0648310964513	0.0389593821619	0.108636984366	0.179331588123	0.223327064501
T:	0.220626449041	0.267564315442	0.251939857357	0.268629418727	0.146642650521	0.736408779707	0.131962741368	0.158858188081	0.244505191005	0.262076737978
