# Algorithm: BEEML	Format: PROBABILITY
# Name: cell08_Phox2b_3948 Consensus: NNHRAYNNNN
A:	0.227415442625	0.231754278172	0.193985936848	0.63852370725	0.766730717026	0.0959211177237	0.168307443958	0.280675079083	0.256148491539	0.237009464688
C:	0.266874494151	0.294617429209	0.15259474258	0.085554945279	0.0675005437705	0.180102505413	0.218282987879	0.212129661402	0.241231564663	0.264568467922
G:	0.280557442061	0.20969994268	0.07065335997	0.148288367098	0.0338566574043	0.0762125512211	0.207637200938	0.295065598113	0.312860474065	0.244227477477
T:	0.225152621163	0.263928349939	0.582765960602	0.127632980373	0.1319120818	0.647763825642	0.405772367226	0.212129661402	0.189759469733	0.254194589912
