# Algorithm: BEEML	Format: PROBABILITY
# Name: cell08_Phox2a_3947 Consensus: NNWRATNNNN
A:	0.224890733922	0.244410712777	0.200516156015	0.628234625567	0.797818444485	0.086596043231	0.167929072138	0.279790782145	0.258887312026	0.242405303223
C:	0.266564077934	0.278341856899	0.118024805931	0.0816885384917	0.0277124302601	0.151601311519	0.197066591709	0.195203404955	0.234250926975	0.262594530117
G:	0.285892154413	0.212480465972	0.0910032137775	0.164500515557	0.058667215321	0.0823727043667	0.205109031884	0.321836005863	0.322593455359	0.237605356622
T:	0.222653033731	0.264766964352	0.590455824276	0.125576320384	0.115801909934	0.679429940883	0.429895304269	0.203169807037	0.18426830564	0.257394810038
