# Algorithm: BEEML	Format: PROBABILITY
# Name: cell08_Pitx1_2312 Consensus: NNRGATTANN
A:	0.266749403751	0.226481291217	0.204702282887	0.0890732671401	0.750192977818	0.0064808674677	0.0717819065993	0.779855610807	0.346341907323	0.212708888151
C:	0.214071410855	0.215435668304	0.0688242838059	0.0503731984758	0.196434781841	0.0185200581651	0.094976780608	0.0296395254013	0.166905278784	0.292927315594
G:	0.291870337778	0.355193368801	0.672873027185	0.772366561061	0.0185474159449	0.00348634660504	0.0178791002533	0.0314723312934	0.272442193755	0.242238919212
T:	0.227308847617	0.202889671678	0.0536004061224	0.0881869733235	0.0348248243962	0.971512727762	0.815362212539	0.159032532498	0.214310620138	0.252124877044
