# Algorithm: BEEML	Format: PROBABILITY
# Name: cell08_Pitx3_3497 Consensus: NNRGMTTANN
A:	0.258817140559	0.220210323925	0.205152513678	0.102070139003	0.670234560956	0.00798916858685	0.0888583703742	0.731162707152	0.321308332137	0.215356976837
C:	0.225004812607	0.224658867556	0.0850937569623	0.0670648602301	0.249043540369	0.0305109824049	0.123599161138	0.0427186680938	0.19102440569	0.296574072045
G:	0.288911898265	0.355876267594	0.641464389808	0.724629300369	0.0333690139088	0.00995511707282	0.0247059414215	0.0458161210229	0.276552644362	0.245254637769
T:	0.227266148569	0.199254540925	0.0682893395515	0.106235700398	0.0473528847666	0.951544731935	0.762836527067	0.180302503731	0.211114617811	0.242814313349
