# Algorithm: BEEML	Format: PROBABILITY
# Name: cell08_Pknox2_3077 Consensus: NNNYGTCNNN
A:	0.32959947964	0.194048654998	0.252939996631	0.0829016123921	0.0825052675126	0.052230175159	0.0659817404278	0.502673301307	0.279607000625	0.271743377801
C:	0.197923030302	0.313597064123	0.400675668428	0.283625444922	0.000596224586411	0.16997653465	0.811900701235	0.132945658058	0.245521629703	0.236242343406
G:	0.272565300231	0.292395964529	0.181844566712	0.0330378710749	0.847984315663	0.00062229588254	0.0284850116968	0.184923173176	0.224389874044	0.220270900992
T:	0.199912189827	0.199958316351	0.164539768228	0.600435071611	0.0689141922378	0.777170994309	0.0936325466408	0.179457867459	0.250481495628	0.271743377801
