# Algorithm: BEEML	Format: PROBABILITY
# Name: cell08_Pknox1_2364 Consensus: NNHGACRNNN
A:	0.273100722135	0.250042348235	0.146526392714	0.0558227430465	0.814003988973	0.0500209316756	0.663702927121	0.162362030126	0.199822258697	0.205687889064
C:	0.216987700604	0.223996470819	0.161936707958	0.0147638461992	0.00193859845566	0.900042110198	0.0262544277355	0.172401937359	0.292197009519	0.261480554204
G:	0.242218611744	0.255093538733	0.103255403775	0.890854725702	0.141452683148	0.00139436839784	0.244162661933	0.415643780165	0.304121795694	0.193709558908
T:	0.267692965516	0.270867642214	0.588281495553	0.0385586850526	0.0426047294237	0.0485425897286	0.0658799832099	0.24959225235	0.20385893609	0.339121997825
