# Algorithm: BEEML	Format: PROBABILITY
# Name: cell08_Pou1f1_3818 Consensus: NNNDMATWWN
A:	0.300904575431	0.307920493978	0.176956556374	0.154786194199	0.41775504593	0.917949655381	0.0790499537567	0.278232750994	0.635215607548	0.298341060815
C:	0.214174946775	0.221371351131	0.322435868221	0.103756288821	0.40540851844	0.00922707915773	0.00485534411966	0.0578849834183	0.0703838955574	0.160490914171
G:	0.220697544964	0.223596170197	0.147806540253	0.27645409139	0.0989777667102	0.0421882838025	0.0181755989715	0.0129158856203	0.0676241035379	0.197994119636
T:	0.264222932829	0.247111984695	0.352801035152	0.46500342559	0.0778586689204	0.030634981659	0.897919103152	0.650966379967	0.226776393357	0.343173905378
