# Algorithm: BEEML	Format: PROBABILITY
# Name: cell08_Pou2f2_3748 Consensus: NNNATTANNN
A:	0.183869112437	0.203415471357	0.35435403247	0.770177968585	0.226825985493	0.000474256921016	0.755043782342	0.267030683686	0.22520436313	0.274910875785
C:	0.352208792067	0.139107990898	0.31428383323	0.109576355437	0.0173602505161	0.0011548770907	0.0698797381014	0.16035074496	0.256469120781	0.277673776019
G:	0.169732583286	0.141918158722	0.188726052347	0.0517602052796	0.0102183297286	0.0969304705793	0.0343559677576	0.212164851088	0.251390691933	0.180629316667
T:	0.294189512211	0.515558379023	0.142636081953	0.0684854706982	0.745595434262	0.901440395409	0.140720511799	0.360453720266	0.266935824156	0.266786031529
