# Algorithm: BEEML	Format: PROBABILITY
# Name: cell08_Pou2f1_3081 Consensus: NNNWWATKHN
A:	0.280399899382	0.262662291577	0.301733113086	0.273337692035	0.490726906217	0.99894422907	0.101882796712	0.0602919950161	0.408735989491	0.357083728431
C:	0.205658452728	0.204561598364	0.244580107955	0.112247695678	0.0844270437543	0.000359406560895	0.0747256271398	0.119009026394	0.312020672975	0.17381131038
G:	0.216202787078	0.302133551949	0.172352689058	0.0694570098543	0.0613066165252	0.000504947381762	0.0476471635119	0.379630853453	0.111393552093	0.295293650808
T:	0.297738860812	0.230642558109	0.281334089902	0.544957602432	0.363539433504	0.000191416987561	0.775744412637	0.441068125137	0.167849785441	0.17381131038
