# Algorithm: BEEML	Format: PROBABILITY
# Name: cell08_Pou2f3_3986 Consensus: NNWWATKHNN
A:	0.241230807606	0.286503280857	0.271014246082	0.569302285642	0.850921955749	0.0661271898047	0.0668530816871	0.480725019332	0.324006795675	0.223678100463
C:	0.227182619011	0.267133888454	0.0977263658519	0.0630804913121	0.0454367121297	0.0730818470663	0.131959809273	0.269157153091	0.145585637868	0.237509581733
G:	0.3066644592	0.184518547632	0.057522224609	0.0704153691254	0.00550865458003	0.0389227925499	0.412607757111	0.08522505141	0.372696527716	0.257291058341
T:	0.224922114183	0.261844283058	0.573737163457	0.29720185392	0.0981326775408	0.821868170579	0.388579351929	0.164892776167	0.157711038741	0.281521259463
