# Algorithm: BEEML	Format: PROBABILITY
# Name: cell08_Pou3f2_2824 Consensus: NNNVATWWNN
A:	0.271677946843	0.176349902515	0.190528032942	0.338414130883	0.720437703913	0.106156944659	0.283209874491	0.52213826187	0.28007625019	0.238431573842
C:	0.255856654894	0.334444218186	0.157558897114	0.374005455718	0.0573893616707	0.0690560579686	0.110629660225	0.108628349906	0.205421073213	0.29414780145
G:	0.231508675002	0.183546878565	0.275834028354	0.163084812046	0.10775487261	0.0786429988552	0.0415205393444	0.127476549513	0.231611613296	0.233710312354
T:	0.240956723261	0.305659000734	0.37607904159	0.124495601354	0.114418061806	0.746143998517	0.56463992594	0.241756838711	0.282891063301	0.233710312354
