# Algorithm: BEEML	Format: PROBABILITY
# Name: cell08_Pou3f1_3819 Consensus: NNNWWATKNN
A:	0.277550786304	0.285695664952	0.304255225043	0.247683419764	0.536056401601	0.979405848603	0.0780853596285	0.0861365796527	0.365039818638	0.339898707098
C:	0.209768371717	0.209542615865	0.210159529213	0.108002178422	0.0537443949947	0.00864469735883	0.063930885293	0.122233624932	0.330301686977	0.179226013195
G:	0.229523157867	0.263730338409	0.172064069619	0.0875448643592	0.081796903012	0.0108802161817	0.0473611646894	0.397793955704	0.135640287901	0.313766052638
T:	0.283157684113	0.241031380774	0.313521176125	0.556769537455	0.328402300392	0.00106923785632	0.810622590389	0.393835839711	0.169018206484	0.167109227069
