# Algorithm: BEEML	Format: PROBABILITY
# Name: cell08_Pou3f3_3235 Consensus: NNNDVWWDNN
A:	0.226519238503	0.255193172645	0.161057248055	0.170176231754	0.320295036795	0.642745422637	0.214259363299	0.463027303793	0.372415282153	0.26397312429
C:	0.271192765417	0.262964961786	0.287654434578	0.121126391402	0.423791911927	0.0650885548233	0.0915776511839	0.124934053217	0.210610315818	0.231793594325
G:	0.231095230663	0.224083958901	0.174471233974	0.476674828643	0.136898881355	0.127198482982	0.0757309751116	0.133992794193	0.167336972951	0.229487209526
T:	0.271192765417	0.257757906668	0.376817083393	0.232022548201	0.119014169923	0.164967539557	0.618432010405	0.278045848797	0.249637429077	0.274746071859
