# Algorithm: BEEML	Format: PROBABILITY
# Name: cell08_Pou4f3_2791 Consensus: NNHATWHNNN
A:	0.185864770302	0.196978399258	0.28502347731	0.768713048293	0.102920868067	0.247298709144	0.558351926388	0.427685401823	0.205059735808	0.285672868721
C:	0.328658549348	0.138808331889	0.416785438497	0.0458198659162	0.0643257759957	0.08567807467	0.156802877011	0.149663266841	0.233527847415	0.224718237687
G:	0.205412338833	0.255467212421	0.121823290158	0.0931972067459	0.0491049783524	0.111118472807	0.0794390019453	0.210269046145	0.219928244299	0.236239788108
T:	0.280064341517	0.408746056431	0.176367794034	0.0922698790446	0.783648377585	0.555904743379	0.205406194656	0.212382285191	0.341484172478	0.253369105484
