# Algorithm: BEEML	Format: PROBABILITY
# Name: cell08_Pou6f1_3733 Consensus: NTAATKANNN
A:	0.362038347065	0.166779935442	0.86868356033	0.9082424078	0.0415130096771	0.124231536771	0.770484149363	0.12806659319	0.264549540562	0.234725056863
C:	0.176222982178	0.0572069383912	0.0107723096099	0.0401054129671	0.0275501192561	0.0768724116926	0.0651712931368	0.131966801601	0.267208307647	0.237084082903
G:	0.179782922561	0.0210452565265	0.0477977666994	0.00643345238115	0.097125782405	0.48403008144	0.0772478499219	0.524555054459	0.251647307221	0.188371270485
T:	0.281955748196	0.75496786964	0.0727463633609	0.0452187268517	0.833811088662	0.314865970096	0.0870967075782	0.215411550749	0.216594844571	0.339819589749
