# Algorithm: BEEML	Format: PROBABILITY
# Name: cell08_Pou6f1_1731 Consensus: NTAATKANNN
A:	0.338232172443	0.169762229126	0.823464279778	0.862155922633	0.0611180038565	0.128950139061	0.710060687722	0.144232386839	0.249031936509	0.225625882877
C:	0.189375640871	0.0697138359907	0.0176992129515	0.0562291968573	0.0405609785472	0.0838832382253	0.0810730371862	0.147146074329	0.289333831369	0.227893460698
G:	0.178347262097	0.0440092045265	0.0675940642724	0.0169359086339	0.0997639090263	0.473156315547	0.096096264288	0.493452101945	0.25153474908	0.196149719398
T:	0.29404492459	0.716514730357	0.091242442998	0.0646789718757	0.79855710857	0.314010307166	0.112770010804	0.215169436887	0.210099483042	0.350330937026
