# Algorithm: BEEML	Format: PROBABILITY
# Name: cell08_Prrx2_3072 Consensus: NNNNATYWNN
A:	0.286421354759	0.176330132637	0.175663099772	0.485197749734	0.646388676269	0.14131264666	0.119410111196	0.618794071018	0.256649027454	0.235481984608
C:	0.234501971479	0.337767568451	0.333141709918	0.193360541961	0.0919643488002	0.0723108934459	0.17813895303	0.0944218527383	0.216525754676	0.308473028625
G:	0.251505282932	0.217534615943	0.140972939676	0.158310222135	0.139966203361	0.0723108934459	0.0929966881058	0.132657754501	0.275258181655	0.245092186708
T:	0.22757139083	0.26836768297	0.350222250634	0.16313148617	0.12168077157	0.714065566448	0.609454247669	0.154126321743	0.251567036215	0.210952800059
