# Algorithm: BEEML	Format: PROBABILITY
# Name: cell08_Prrx1_3442 Consensus: NNTAATDDNN
A:	0.237556367275	0.243507296365	0.110123297324	0.767801133884	0.962534615778	0.026795684123	0.13112078126	0.363551469616	0.2709888953	0.234952552485
C:	0.257341740513	0.266439421577	0.0635356155093	0.0422468907493	0.000643759564242	0.0602342323486	0.123484901406	0.111711637	0.206867365865	0.275719374509
G:	0.290152002208	0.189643673093	0.0207303875796	0.125653831802	0.0245219842115	0.0518440842363	0.133769596746	0.370895696471	0.365796747076	0.219068307908
T:	0.214949890003	0.300409608965	0.805610699587	0.0642981435648	0.0122996404465	0.861125999292	0.611624720588	0.153841196912	0.156346991759	0.270259765098
