# Algorithm: BEEML	Format: PROBABILITY
# Name: cell08_Rax_3443 Consensus: NNYAATTANN
A:	0.302525722181	0.154076583164	0.123185253151	0.651259630456	0.853610313987	0.0164102353363	0.0556682430894	0.849980075112	0.267075620171	0.1871506812
C:	0.20278905602	0.364107725155	0.408989443619	0.130178733675	0.0579438699709	0.0214968249187	0.0936355240866	0.0201905143638	0.190096500371	0.299440003177
G:	0.268316245635	0.203863320568	0.0940370962603	0.108734418398	0.05037398055	0.00115940303312	0.0627657688163	0.0278049179066	0.319747569735	0.268248576319
T:	0.226368976164	0.277952371113	0.37378820697	0.109827217471	0.0380718354921	0.960933536712	0.787930464008	0.102024492618	0.223080309723	0.245160739303
