# Algorithm: BEEML	Format: PROBABILITY
# Name: cell08_Rhox6_4251 Consensus: NTAAYNMNNN
A:	0.228679966419	0.123999107283	0.877741311715	0.906881374502	0.0705416348303	0.288874172903	0.539661693277	0.281557394166	0.195508843241	0.222212143266
C:	0.314921530903	0.0540697222351	0.0287130555528	0.0433805703337	0.18795509924	0.144892372099	0.232977632079	0.19643592834	0.322339588461	0.271410524682
G:	0.162767613508	0.00930241799888	0.0828765305608	0.0392523632536	0.129827039663	0.227236472748	0.105735685736	0.3579295981	0.263909334008	0.22670112633
T:	0.29363088917	0.812628752484	0.0106691021714	0.0104856919106	0.611676226267	0.33899698225	0.121624988907	0.164077079393	0.21824223429	0.279676205721
