# Algorithm: BEEML	Format: PROBABILITY
# Name: cell08_Shox2_2641 Consensus: NNHHATTANN
A:	0.282870968867	0.183459550861	0.150643862897	0.564373522395	0.838447645617	0.0252502479253	0.0824435506457	0.782124480829	0.292661710938	0.225949287769
C:	0.227009269914	0.327665808325	0.397390143464	0.160086822077	0.0702143103341	0.0308407224602	0.107998120538	0.0211579116858	0.208307920455	0.273229085326
G:	0.258524599855	0.206850065987	0.10301952437	0.110577463891	0.054682959871	0.00112618518005	0.0655041712977	0.0552580433348	0.2756184197	0.281550149782
T:	0.231595161364	0.282024574827	0.348946469269	0.164962191636	0.0366550841781	0.942782844434	0.744054157519	0.14145956415	0.223411948908	0.219271477124
