# Algorithm: BEEML	Format: PROBABILITY
# Name: cell08_Six1_0935 Consensus: NNDATMYNNN
A:	0.288823658479	0.169059607995	0.174142595941	0.924572013974	0.0684145323655	0.653619456276	0.0729253562816	0.180773349008	0.211023181912	0.220570767495
C:	0.213965828765	0.210661243605	0.0918240715427	0.0659786327135	0.155335184621	0.273834883825	0.533487906006	0.371386771802	0.308575946923	0.28893986429
G:	0.246119286679	0.183140087007	0.533721667141	0.0010401146452	0.0588849337104	0.00155663324221	0.117852801557	0.244018497334	0.21744979457	0.218376051689
T:	0.251091226077	0.437139061393	0.200311665376	0.00840923866756	0.717365349303	0.0709890266568	0.275733936155	0.203821381856	0.262951076595	0.272113316527
