# Algorithm: BEEML	Format: PROBABILITY
# Name: cell08_Six2_2307 Consensus: NNNRKRTNNN
A:	0.265428866657	0.252574082396	0.197439611774	0.249542055432	0.0879860380193	0.625033093032	0.0280482002637	0.201357003695	0.383729075003	0.249059710243
C:	0.217314775887	0.226264484701	0.248497497339	0.128976144362	0.0135607303681	0.0788702894357	0.0214114209344	0.480621217553	0.196357459225	0.24658152472
G:	0.281842071124	0.299377285182	0.352634734381	0.523024056341	0.310187869021	0.208055443025	0.0931233043478	0.128390894082	0.242241889355	0.234555601852
T:	0.235414286333	0.221784147721	0.201428156506	0.0984577438646	0.588265362591	0.0880411745079	0.857417074454	0.189630884669	0.177671576417	0.269803163185
