# Algorithm: BEEML	Format: PROBABILITY
# Name: cell08_Six3_1732 Consensus: NNNAYMNNNN
A:	0.244299441421	0.199566757129	0.194635359773	0.742485526199	0.13373315074	0.51433951163	0.145588883229	0.205681502809	0.225392003788	0.233061527513
C:	0.246754691626	0.248675492257	0.167524206651	0.142594277459	0.182335136311	0.337945140422	0.42444684559	0.303787629305	0.283678378206	0.270778863327
G:	0.244299441421	0.191741632655	0.416184161469	0.020287468439	0.090544949057	0.0294555861866	0.185079744101	0.256294934562	0.239329466921	0.230742526567
T:	0.264646425532	0.360016117959	0.221656272108	0.0946327279035	0.593386763892	0.118259761762	0.24488452708	0.234235933323	0.251600151085	0.265417082593
