# Algorithm: BEEML	Format: PROBABILITY
# Name: cell08_Six4_2860 Consensus: NNNDKVTHNN
A:	0.264335743622	0.259487916011	0.210042295976	0.225852821968	0.12070993812	0.46027851799	0.000975604595302	0.230428850622	0.408224404219	0.264175669975
C:	0.218594857616	0.221121015941	0.227536102896	0.104572808086	0.0248632413585	0.140026512566	0.00221511007513	0.487817880596	0.196727010367	0.227378106325
G:	0.277888527009	0.270077818757	0.390453513964	0.528415843917	0.344946889629	0.279173033168	0.0941888771437	0.114427580789	0.215253635654	0.225115656365
T:	0.239180871753	0.249313249291	0.171968087163	0.141158526028	0.509479930892	0.120521936276	0.902620408186	0.167325687993	0.17979494976	0.283330567336
