# Algorithm: BEEML	Format: PROBABILITY
# Name: cell08_Six6_2267 Consensus: NNNNNNNNNN
A:	0.236417812302	0.230435602719	0.239164105029	0.2527280919	0.286012248452	0.255460623824	0.34841156468	0.198201870633	0.305833083999	0.310744029556
C:	0.258682290431	0.265064036131	0.25908338203	0.240402397413	0.203575030395	0.185502486	0.209219604198	0.227986418673	0.245436798948	0.21897761658
G:	0.261282090672	0.259815416557	0.269656775431	0.284950127923	0.28316637903	0.279518445088	0.22892271056	0.230277720274	0.263232974853	0.270147881196
T:	0.243617806594	0.244684944592	0.23209573751	0.221919382763	0.227246342123	0.279518445088	0.213446120562	0.343533990421	0.1854971422	0.200130472668
