# Algorithm: BEEML	Format: PROBABILITY
# Name: cell08_Tcf1_2666 Consensus: NHTAACYNNN
A:	0.249533077525	0.215191964912	0.183388924849	0.763014528014	0.88436160701	0.00565203233044	0.106329081456	0.305552647922	0.293436485427	0.263847056045
C:	0.264963341288	0.276311952414	0.0824019556329	0.0601762088124	0.0136653855951	0.721992813312	0.390152944259	0.17628854228	0.219567831443	0.227095265695
G:	0.259716715605	0.124154963352	0.0338388371187	0.0317304590144	0.0256582725631	0.0505021134036	0.121090575935	0.260374791129	0.327556713755	0.277374783885
T:	0.225786865582	0.384341119322	0.7003702824	0.145078804159	0.0763147348313	0.221853040954	0.382427398349	0.25778401867	0.159438969375	0.231682894375
