# Algorithm: BEEML	Format: PROBABILITY
# Name: cell08_Tcf2_0913 Consensus: NNNHWYNNNN
A:	0.235766999453	0.238131960526	0.223465871238	0.469903587778	0.651782547913	0.0439050722773	0.172634003044	0.321522166271	0.262197376586	0.24067003329
C:	0.268498150828	0.263176517438	0.192338857834	0.159577155894	0.0715009681972	0.679957200013	0.334010945747	0.207071985264	0.227943448635	0.258120579686
G:	0.250346016489	0.183612025794	0.134190267694	0.0911519178298	0.0640530080178	0.0832651300785	0.169215620752	0.258027582394	0.307691471769	0.258120579686
T:	0.24538883323	0.315079496242	0.450005003234	0.279367338499	0.212663475872	0.192872597631	0.324139430457	0.21337826607	0.20216770301	0.243088807337
