# Algorithm: BEEML	Format: PROBABILITY
# Name: cell08_Tgif2_3451 Consensus: NNTGACANNN
A:	0.29154424166	0.262138123407	0.104144883674	0.014717001243	0.912686450026	0.0434543805405	0.781901078465	0.133227479543	0.192445836268	0.192097672504
C:	0.191558216818	0.216777515506	0.0795020686368	0.00328380684425	0.00424776258354	0.908424394829	0.00431340767001	0.142887561777	0.311006789801	0.244204002949
G:	0.23396973437	0.210370771697	0.0390867307314	0.98142281682	0.0549482807804	0.0063707147223	0.174465712858	0.519080013409	0.307912220538	0.188293883733
T:	0.282927807151	0.31071358939	0.777266316958	0.000576375092852	0.02811750661	0.0417505099082	0.0393198010074	0.20480494527	0.188635153393	0.375404440814
