# Algorithm: BEEML	Format: PROBABILITY
# Name: cell08_Tgif1_2342 Consensus: NNTGACANNN
A:	0.293214189642	0.276185021684	0.0776337864685	0.0178568388091	0.942566061509	0.0269950763978	0.812931550037	0.1643856547	0.202817062469	0.223879550093
C:	0.192655450829	0.20055148755	0.0563736992885	0.000944014796605	0.00552125952264	0.939788165237	0.00435204962246	0.145796996656	0.321277232371	0.237723488313
G:	0.223833699821	0.208736149023	0.0271669924918	0.974950364415	0.0240132559388	0.00455239966909	0.1561234299	0.474477984777	0.271050297325	0.190777568088
T:	0.290296659708	0.314527341743	0.838825521751	0.00624878197909	0.0278994230291	0.0286643586959	0.0265929704405	0.215339363867	0.204855407835	0.347619393506
