# Algorithm: BEEML	Format: PROBABILITY
# Name: cell08_Titf1_1722 Consensus: NNNYHCTYNN
A:	0.300969698915	0.278015688814	0.234613207515	0.118775598502	0.524265289385	0.155439437913	0.0756811731578	0.11013929038	0.320985377668	0.415983713145
C:	0.220745309585	0.22761999427	0.339657661577	0.511442920103	0.202754894578	0.717846809443	0.0286894490479	0.330876714061	0.217325356563	0.144119974422
G:	0.241533840996	0.264456703672	0.298251840708	0.0235055364263	0.0374122366348	0.0204147195854	0.000892730465672	0.0452293331986	0.302292644487	0.18505371021
T:	0.236751150503	0.229907613244	0.1274772902	0.346275944969	0.235567579402	0.106299033059	0.894736647329	0.51375466236	0.159396621282	0.254842602223
