# Algorithm: BEEML	Format: PROBABILITY
# Name: cell08_Tlx2_3498 Consensus: NNNNNNNNNN
A:	0.197639265466	0.202629367656	0.261312463344	0.313052364752	0.268213990111	0.234029819421	0.31833795995	0.316663969738	0.273680488613	0.28019282168
C:	0.286129205831	0.302287495137	0.23882160935	0.236599887504	0.20680682241	0.274636537227	0.205021240421	0.218730675174	0.233215128533	0.2340367174
G:	0.29780636024	0.242591397236	0.285921377403	0.248730623138	0.228556885787	0.187813329369	0.263252483661	0.227657243368	0.237926386643	0.258650573833
T:	0.218425168463	0.25249173997	0.213944549902	0.201617124606	0.296422301692	0.303520313984	0.213388315968	0.23694811172	0.255177996211	0.227119887087
