# Algorithm: BEEML	Format: PROBABILITY
# Name: cell08_Vax1_3499 Consensus: NNTAATNDNN
A:	0.227526695948	0.20266266476	0.171136415963	0.723368215189	0.833005793989	0.140834419454	0.191527336913	0.408046856419	0.2341442054	0.20754226121
C:	0.261717996889	0.296350491533	0.0824721773842	0.0921961507216	0.0444800421568	0.0523307875627	0.128384613296	0.101634395067	0.288858569067	0.297476427757
G:	0.292150060572	0.198649675127	0.0312638035618	0.108193185135	0.0406516976493	0.102266778073	0.309522426504	0.334080510047	0.269329944625	0.220375957906
T:	0.218605246592	0.30233716858	0.715127603091	0.0762424489537	0.0818624662045	0.70456801491	0.370565623287	0.156238238467	0.207667280908	0.274605353127
