# Algorithm: BEEML	Format: PROBABILITY
# Name: cell08_Vax2_3500 Consensus: NNTAATNDNN
A:	0.226166416299	0.212320516845	0.157535520446	0.748534374153	0.826751000883	0.13427479661	0.195858724531	0.4038129364	0.239305551163	0.211682600786
C:	0.26015330285	0.295331071951	0.0736740739743	0.0992971755318	0.0357840964865	0.0396419706168	0.126140151985	0.104684570884	0.278033383816	0.294443751044
G:	0.287513864551	0.199955932517	0.0265664982971	0.10334957014	0.0411615086042	0.105624296052	0.310254710264	0.327324404565	0.272527953951	0.224772321783
T:	0.226166416299	0.292392478686	0.742223907282	0.0488188801745	0.0963033940263	0.720458936721	0.367746413221	0.164178088151	0.21013311107	0.269101326387
