# Algorithm: BEEML	Format: PROBABILITY
# Name: cell08_Vsx1_1728 Consensus: NNTAATDDNN
A:	0.233367017516	0.266519226211	0.148243473411	0.762385843235	0.912850575231	0.0713262894664	0.16806022859	0.385678787826	0.296484723618	0.241437818947
C:	0.238081343988	0.258642392681	0.0464722803205	0.0915104143175	0.00226273035032	0.0925052107792	0.108236908148	0.0895686049269	0.204792177113	0.258944036085
G:	0.308774858092	0.197442298939	0.0561965862798	0.0905998704814	0.0375837660701	0.117597170603	0.187601947691	0.385678787826	0.327666294197	0.216288239764
T:	0.219776780405	0.277396082169	0.749087659988	0.0555038719666	0.047302928349	0.718571329151	0.536100915571	0.139073819422	0.171056805072	0.283329905203
